31
34
31
33
33
35
33
38
31
37
35
34
31
34
35
36
36
37
35
31
34
31
36
36
33
38
35
33
33
33
35
35
37
35
32
37
37
37
37
33
32
34
35
2E
34
31
34
34
35
35
32
34
34
35
34
34
37
32
30
34
37
34
33
35
34
33
33
33
33
30
32
34
34
35
34
33
33
34
34
35
35
36
34
2F
36
32
36
34
37
36
36
32
37
38
36
35
38
31
37
35
35
35
36
36
33
37
36
30
33
33
30
36
32
31
36
33
32
34
33
35
36
35
35
34
36
35
34
36
35
36
32
37
36
33
37
36
34
33
37
32
32
35
34
38
30
34
36
36
37
34
31
34
36
34
37
34
33
36
34
34
35
32
33
32
37
34
35
32
36
33
37
39
32
35
34
36
31
34
33
37
30
33
32
34
36
32
36
36
35
35
32
36
