15.254794
13.544978
0.376896
13.083716
32.284740
11.063264
20.399723
35.556992
-18.384386
13.205769
-21.840645
10.969401
-5.055777
-9.188559
-2.196270
-39.827362
-17.220591
-2.127211
24.746305
-8.021059
3.186250
-1.770242
26.251171
27.516270
-30.800074
-7.582108
43.267231
-28.282005
28.636015
2.439598
21.173399
-4.746275
-16.824371
-31.578487
27.657593
32.529202
-27.086924
-3.803614
24.496971
7.015707
7.051010
-15.829106
12.054601
11.946159
7.113310
28.867014
-32.630409
-45.418381
14.827419
-18.626581
-14.041470
-20.058235
38.569752
-2.070484
3.688584
5.887551
7.491636
32.544956
46.008106
13.360003
25.890469
18.549538
9.278882
-24.017290
-5.887949
11.289241
-9.227735
29.976320
-14.838184
2.555837
-22.052784
12.110782
-34.187313
27.553669
-33.527550
22.306580
10.267831
7.308186
-32.213055
32.868763
14.569997
-11.716203
-20.075354
24.362053
-36.743141
17.853064
-7.654522
-4.563576
-31.096727
-1.734320
-8.834740
24.964493
-0.593986
-8.545647
6.645326
34.192619
-0.414468
9.327662
-19.249729
24.552795
-17.296482
-4.369435
4.213973
-41.713085
-18.897337
-22.073177
26.657537
4.463656
25.802626
28.876411
-10.579872
-49.320583
-30.181046
-16.173990
-15.730629
25.111258
-27.441422
12.281368
27.327852
31.671844
20.789454
-24.109203
-5.719480
-11.919884
12.303230
-11.880466
-12.699478
-30.081730
20.497372
24.277309
30.351629
-14.909072
-8.474401
-9.038458
-24.933756
17.798483
-13.558767
20.481232
-11.657172
-9.131979
-10.949661
32.071037
-11.229538
12.923404
29.150024
-3.775703
-5.747381
-10.174767
-9.291385
-3.611694
12.051673
-1.782694
-8.404149
-39.403629
-0.628228
-14.471533
-16.054663
16.068661
12.382367
-15.447845
-21.089352
-21.559656
-31.416012
7.048977
22.710438
16.964211
4.718683
-27.044289
-6.331032
-37.441525
19.694933
-17.830097
-20.798326
-16.339651
-11.227612
22.872173
0.847150
36.810921
-23.232788
-20.466772
32.777378
-25.989355
-10.730812
24.194954
-34.963490
24.523706
-2.799889
-18.088440
-8.137088
24.377304
-1.436897
1.483055
-0.086929
-36.662910
-35.048714
11.670388
-3.326334
6.323278
9.998940
0.665305
-30.479397
29.079184
-29.975700
18.872707
-13.080948
34.479923
-32.523628
40.817711
-18.718031
35.968834
-29.118074
-2.817436
-38.451771
-14.172658
13.668143
-27.263620
-30.325947
-25.316717
-2.499785
-12.244957
-2.944035
-31.247503
-15.684801
-17.796816
23.632956
21.912457
-4.411795
27.245155
-20.166840
-20.772011
24.213633
-28.109398
-13.497476
26.272808
-17.466021
-12.319379
27.517050
-18.209639
-22.899544
4.375450
15.912201
25.537151
-22.850138
-12.552761
36.719219
10.149003
27.242918
28.055889
9.283023
-15.285050
-10.160591
-1.626277
10.858857
2.433269
32.099560
-21.970062
10.881441
-36.603703
-12.239684
21.032743
18.840044
-2.909813
-6.349032
25.059355
22.038033
31.565382
11.324760
-22.887352
3.358542
27.108734
31.494757
25.159592
-0.440767
-17.650509
-16.097500
-8.727854
26.995106
-12.643799
-24.398474
35.148582
10.335702
5.550506
-33.004135
22.176933
9.865284
-18.666800
-4.828779
-34.996346
18.985096
0.261754
22.985016
-17.482409
23.879656
20.509071
23.051191
19.082409
-14.511225
-25.256754
-29.353251
-9.478917
29.009085
2.846017
-4.927695
16.190653
17.589006
-9.419213
-12.713236
-16.092888
-13.825284
12.653255
-11.251563
7.897937
9.649460
36.166443
38.487179
-15.914664
0.179997
-1.556735
-8.580535
-9.967189
6.164638
30.758862
23.862999
-17.924883
-9.997882
-28.052162
-21.114326
27.126669
16.701815
19.028080
12.918313
-20.706278
5.596214
-11.505290
0.771573
26.866653
16.973104
-20.825720
-23.685614
15.357105
-19.576113
-19.211790
18.175358
-25.537617
16.695223
-23.523247
-29.487591
-6.560518
1.306661
25.562666
7.497287
-9.314329
19.708267
36.411644
-14.855916
30.847179
-26.804836
-3.388252
-12.652559
-18.305119
2.482076
-33.441437
33.791218
-5.205981
11.362892
30.357882
15.859237
47.149624
26.960518
35.014420
-6.204770
-29.759251
30.063948
21.933937
-10.471911
5.067309
10.200447
10.383330
0.376896
-27.274998
-8.518066
-7.431103
22.380770
-20.846895
-20.558954
-35.282551
-24.317879
-25.529091
24.306099
-25.330196
-21.090502
-39.178585
16.849998
3.734321
37.294830
-5.463897
32.627743
29.013063
10.918555
31.916132
-4.909216
6.939007
13.020109
-10.276461
-10.667039
-1.210505
-1.464787
-10.876025
4.556390
10.662456
1.986644
-23.442501
9.288351
19.225430
4.108861
-32.084846
0.514894
-5.443033
-11.640308
34.150089
-40.461605
7.513209
2.797843
-17.523207
-27.555845
19.616545
10.520639
7.532906
-24.992401
4.232213
-3.613793
44.784706
-26.319216
-24.173267
11.966310
-20.659464
37.880489
20.999483
-4.707246
21.531809
20.996080
-23.719233
42.297646
27.181587
-28.371082
29.882315
-3.913921
-22.099403
-3.268703
20.680294
23.570734
-13.509994
-3.136420
-5.621917
-27.900759
-36.805447
27.999060
-13.700123
-30.200539
10.828218
-1.378334
36.274990
-8.843349
22.989595
11.490396
28.292086
32.116692
2.752929
-31.293173
1.355012
23.072409
-23.569298
-19.393663
7.097029
-43.405079
6.604870
-8.273727
-6.132544
15.854816
-24.131216
-18.400503
-38.640797
-29.404861
-11.441706
-25.887379
1.039956
5.003459
-6.931000
2.936875
-3.155308
-9.600624
0.880294
-27.906153
-29.585299
-2.316721
-22.009769
15.356953
-26.723143
-23.255922
22.748037
3.601222
17.492018
-7.269315
-6.688242
-1.962355
5.787283
37.324215
-3.189498
-0.119715
-9.763923
-6.011275
-15.372194
-1.029418
-18.935616
7.308634
-6.069188
33.488838
-5.232856
7.107832
31.456245
-8.464520
-20.803669
37.689930
22.170685
13.847666
5.378473
-1.756601
-38.315327
-15.856626
36.759537
-31.586401
5.917491
32.325790
-2.752199
20.474087
19.013500
-20.286716
42.234379
0.851210
-0.501344
19.978584
8.564837
8.111870
-23.604889
14.394457
42.950867
-22.790335
-37.446064
-26.264139
-2.239511
-22.190845
-30.711950
16.408873
32.969166
-35.391560
21.075596
6.889275
30.236338
-24.141100
13.706729
-32.784729
-35.305439
-25.231823
-1.392040
38.953854
-17.577818
1.951707
14.311048
29.378555
-28.675823
-12.860632
10.589645
-4.288574
2.461667
-27.627918
-29.377993
-16.180788
-27.723690
-7.517855
15.232343
6.192754
0.099348
16.343521
-35.310223
-34.204002
-17.256241
-20.471395
13.679638
-9.655999
15.641921
-13.970415
-8.062185
18.929352
1.777030
19.977842
-22.117151
-1.449470
3.258718
-4.951414
-15.907415
29.225792
-7.124263
-1.020949
2.518889
-6.234989
24.492764
34.363674
-23.527491
9.440484
5.222492
-28.911190
9.287750
-8.801044
22.650572
24.434107
27.439226
-25.400198
-14.965505
-28.009529
7.340021
19.470324
4.701506
25.212801
6.400853
28.682138
6.571842
3.518183
-5.400969
-4.451316
19.430653
0.241198
23.741594
36.864265
-17.892147
-42.777603
27.443808
-16.944298
19.527798
-8.875765
33.438587
12.127295
-20.136923
-10.238624
16.544106
11.026129
26.284145
12.313409
25.132977
16.262741
19.239487
33.435848
21.205227
13.932523
-13.297327
-20.969769
4.233125
22.745729
29.179708
26.097519
10.977326
37.861366
22.305273
10.566552
31.220379
7.109312
18.278271
26.141760
28.704281
1.045961
-5.150594
7.798028
-32.911415
-20.944284
32.253731
-7.333779
27.467525
5.159040
20.969919
-17.952402
3.323154
22.331446
21.387939
18.475183
-6.646015
5.523897
31.351444
20.421080
-46.653149
11.425620
-34.460743
12.416360
5.336696
-30.766752
-17.132977
0.392932
-21.665070
-30.917950
-31.570736
39.345337
22.935818
-3.504630
-24.653381
19.875534
22.079998
3.577145
21.088776
21.672066
-6.297175
-8.160726
19.949215
-12.709814
12.432288
24.724606
21.541624
-33.380657
-7.159068
-10.699789
-2.566015
29.511086
-35.947422
-9.438998
26.997133
5.945135
15.496618
25.105886
-7.095281
-23.405031
-7.144630
15.339926
-8.357074
-29.996975
-23.750454
-30.663853
-19.240404
-32.358292
-12.131408
-3.105530
-37.737595
10.993547
1.981863
9.454964
-1.464448
19.572241
12.340689
-15.782314
-30.170090
-34.145607
3.806827
19.250582
-19.348213
32.218639
32.418732
-21.742462
26.160158
22.682730
-15.393743
36.716702
-10.666521
-14.016030
25.645800
7.915015
-25.412191
7.586955
13.484268
7.405621
13.304441
12.631274
7.355158
1.544768
-5.913340
-19.072241
-28.175526
-30.857872
19.655186
-7.606720
-22.638626
20.507282
-20.713991
20.199001
-16.479145
-16.335175
30.982008
34.989758
40.651905
-1.936504
10.873059
25.764320
14.308497
-39.532635
-17.797821
23.047245
37.755424
28.432676
-38.703720
-43.230503
-15.529568
24.667072
26.036852
25.616577
20.504459
-19.871042
17.230661
-9.332505
20.631798
10.639245
6.024119
-5.207367
5.667835
-25.658056
7.943963
-31.272877
-15.812205
-12.383978
-35.419003
1.718878
-42.490063
-10.345689
10.986926
19.423101
-19.734175
35.374283
7.651798
-20.710646
-5.661310
34.802761
-17.824112
17.227634
6.422771
-27.565403
-13.891382
-12.158751
31.283077
3.870675
17.921671
3.783741
26.128304
-6.766757
-24.139671
2.007311
-26.757895
3.914998
0.375330
-40.532314
11.960737
-6.395267
34.027687
-6.753760
-21.789660
-7.887670
33.957100
8.601048
22.655340
28.194870
24.445217
-27.473333
-2.524934
-9.075050
5.543500
-2.895804
-4.135983
27.079361
-14.390034
-10.528912
4.871798
-2.878229
32.662476
24.360037
-8.080030
-11.712579
-9.330636
17.790836
17.399338
17.011671
26.100399
-38.703182
-19.125261
-24.170820
29.091108
-33.921814
-0.843406
-15.769506
12.513484
-6.645271
2.164662
-0.491089
3.651557
0.052194
-27.271132
19.047153
-1.570824
5.448911
-22.625469
-3.744854
26.824268
3.307977
-31.577198
-20.510065
-40.441448
3.519527
7.340508
40.459030
-15.351157
22.127815
-22.200098
-7.607498
-25.200191
-8.473957
-17.721107
19.233477
25.817072
-2.077294
29.689762
12.758242
11.842037
6.088252
21.398075
24.047733
6.169317
-20.552221
34.599102
23.430046
34.896473
-21.885067
9.552355
2.847728
15.252540
-28.006020
-0.767634
6.273986
-35.942291
-20.101099
-32.506245
15.955113
20.145302
-17.598845
13.486274
-5.878423
13.479331
-22.886868
19.477383
21.612572
-7.897510
-31.387911
5.167358
32.299076
-37.323536
-14.306809
2.320916
-7.162807
-6.509552
-1.997818
-4.915327
-25.566612
-1.868648
41.965191
7.680024
-2.938907
12.761757
-22.656492
-8.568015
-13.830411
-13.312264
14.114630
-31.229420
-27.160374
-24.319868
-10.401599
1.170158
23.565044
31.922216
7.493165
16.937880
7.758297
5.082558
18.762716
-42.071423
1.851497
-2.949523
5.310874
-0.428195
9.833202
-21.572861
10.702380
-3.090681
30.519646
6.294432
-13.331988
27.786146
7.105706
3.911544
-0.369477
8.058399
-16.730291
12.361061
-21.215368
-5.806983
-17.578281
3.726060
26.269842
26.728340
-30.931410
1.158489
-8.467001
8.374519
7.756794
10.556281
7.558180
-12.209373
-12.201877
-36.678040
-22.567055
-4.205337
2.737577
25.940071
-10.836049
17.985134
7.869065
23.853682
-3.457326
-10.417392
9.594954
7.783170
33.584126
-31.502735
-7.701286
-17.487074
13.285779
24.089445
-7.465232
-18.979521
14.425914
-6.540162
11.811160
-10.966907
-35.934895
-21.479469
16.537819
-23.330946
1.043340
21.992069
23.341825
24.974098
-8.231313
-23.154896
-0.053945
11.057895
-9.808636
17.286964
33.242519
-1.853129
-30.102028
1.582716
-9.918594
1.820923
-3.106220
-18.191895
3.663521
22.267239
-28.574165
-15.390559
-37.199760
6.733321
-3.792208
-42.763062
25.378542
14.287248
-13.412446
12.219852
32.543800
16.040815
8.062785
-50.319740
-27.231375
1.823603
21.137707
-0.390807
-38.203861
-20.223413
14.907568
9.406796
4.003302
-40.230160
2.278571
-19.416658
11.702647
-20.325676
19.202408
4.283251
-0.028175
7.070160
-5.145523
-15.013993
-41.258690
-11.997873
-22.151106
-14.778806
-33.724987
-7.151015
31.118986
12.229276
5.336534
-26.161980
14.341605
35.171776
14.952794
-38.306274
-25.668196
10.215984
-13.321477
-13.409837
-3.366989
36.299164
-13.488349
30.951170
39.859055
19.833832
-10.372980
-16.956823
1.336701
-9.142898
-15.671581
39.867954
-30.192419
16.312107
4.853828
7.163961
-11.786935
-12.061684
-8.951604
-22.006535
-5.635826
-5.921675
4.686536
34.749271
14.971304
1.786844
1.759110
-27.671627
-25.025152
5.219251
30.873228
21.484169
-18.801731
-23.810074
25.669304
11.316480
-25.689116
-5.830088
-17.483652
1.690782
29.901760
-24.697266
9.062132
-33.220715
-22.765600
7.905442
-34.528881
-1.900813
27.953150
4.394690
-21.400600
18.307917
-28.537821
21.531666
25.604502
36.080212
7.047604
-25.719322
-8.436372
-6.423428
-26.790440
19.662422
10.059392
17.865997
9.595671
20.460823
-25.282166
-43.325367
29.709272
-25.183794
24.747047
20.886177
3.258384
-22.983711
1.452615
14.510897
-7.305663
-21.000368
-3.352714
21.910311
-10.506466
28.459074
25.953079
10.696996
-20.596296
7.681607
-4.165791
-19.433828
31.654753
35.150955
28.691891
15.785892
29.904676
20.719597
12.486791
6.718788
-11.388039
37.487980
7.335753
6.307858
-6.800766
13.138608
-11.406408
14.586918
12.136960
-36.673496
-2.265955
-28.592688
6.758749
-23.155392
39.850739
-1.220238
17.399397
2.791394
-26.174915
24.724947
-22.070629
-3.030053
14.679008
12.338611
37.349873
16.529650
-3.487491
17.628975
-14.140952
3.688465
-27.888174
28.218384
-27.618504
-18.194212
-12.179763
31.699266
-46.784561
-9.386602
-23.040277
18.160378
15.076859
-6.948927
17.540094
-33.600140
-26.065722
10.867543
12.139333
10.700109
6.093914
31.482096
23.737421
-14.814960
-15.110733
-0.419676
-5.171527
-0.116383
11.164466
-0.640305
11.309060
-32.153507
-4.667342
11.058200
5.207117
-3.659786
0.974480
28.985081
9.823837
-27.420761
-11.307733
4.938486
-13.494950
-3.782655
-5.524119
-11.170595
23.448387
25.676243
12.164578
21.247902
-24.068769
-17.351936
9.107150
35.079315
-16.236635
2.016976
-39.767735
-11.271286
13.076854
-10.888102
19.039202
-12.550451
8.641829
25.068504
19.759485
-2.839263
24.281685
-19.300953
27.093094
-36.236591
26.366148
-42.663490
43.853233
7.929129
12.189115
-11.540426
20.824081
-22.255884
5.820574
32.691715
-5.364480
24.255804
-16.270420
16.279350
10.513909
-31.862020
7.542791
23.124920
24.306267
-9.789352
-9.334010
11.101979
29.449409
7.973568
11.185749
-29.793999
18.390259
-13.867787
-6.549978
-21.871954
22.189396
-10.158461
-3.006334
7.044414
-19.642754
4.492784
-24.338802
-10.240084
-1.102612
21.855766
3.608318
-19.081125
-5.287820
10.600196
28.735525
-23.687790
22.324574
-20.355150
-6.466140
18.053400
20.840044
-7.926699
22.446943
4.136814
-0.577754
-17.448170
13.483315
-32.400009
3.789472
-26.218737
40.354111
22.772205
-15.204009
-15.792784
-27.221725
14.732169
31.969828
-15.848904
-21.890659
-15.109694
6.962434
-5.559611
19.649113
13.904331
-2.666312
30.915659
-15.612297
24.843674
-3.920020
-38.762821
-1.502429
14.336039
27.156830
-7.425061
-5.733704
-21.766817
25.202848
-47.707619
28.966261
10.137509
30.299702
26.150032
32.257954
4.163218
23.192667
-10.909496
16.016676
-34.042191
44.786697
-22.841389
22.854670
-32.257519
-23.681463
19.656591
8.086450
8.176344
1.252359
3.096547
-22.440765
-25.368721
13.334464
9.843992
2.128039
10.326097
-23.266043
14.088860
0.690432
1.014080
5.382281
12.217611
-28.915527
29.163965
0.110115
21.134312
-18.613264
13.697833
-19.824142
-19.074598
-5.145521
-15.314596
-37.477200
21.663080
-26.882359
20.593220
-4.578698
-5.587812
-13.457664
33.737221
7.860640
-28.239239
45.067371
-25.283634
-20.283899
32.473370
-0.883227
-14.737957
5.909883
-16.799641
-1.417712
-8.518629
-21.795406
-11.002812
-25.579210
-1.332371
1.990747
9.318791
-35.927540
-13.586211
15.742029
-20.223173
-1.798015
29.683861
-24.558603
5.859543
2.598804
22.987705
2.255199
-8.376599
14.184660
-36.904743
9.585285
-6.168396
5.087424
23.884995
-25.515724
-18.655354
-32.067493
29.124674
-24.999304
3.041816
-32.255802
10.704635
-8.701888
22.884529
0.424545
-11.729490
-10.626478
1.456643
25.647060
11.079153
-21.353001
-29.468370
7.018221
40.753571
44.031624
-7.858987
-16.362209
-12.930534
9.726697
-18.014380
19.409790
31.019417
24.596329
-11.596146
-21.150944
11.101249
24.471790
-22.351799
23.437983
-1.072690
1.833390
0.770284
20.493475
12.098909
-37.092812
-4.794545
-16.423067
21.978771
-3.080374
6.293711
-12.383959
-19.627882
-14.085939
-21.877146
15.991378
-33.449238
-44.044758
22.392387
-22.117371
-3.297591
12.950626
4.367339
-14.779953
-27.343712
-22.838173
-4.833571
-43.729939
6.366380
25.602505
-6.405129
22.506083
18.279572
-11.836570
0.351521
4.524196
28.573767
31.462154
38.344669
-16.872667
-16.053154
30.295092
1.805568
-20.846321
-21.199518
24.065224
-1.145499
-15.657761
-20.188511
-42.580460
-17.192217
24.233614
-22.518536
13.840787
20.225126
-22.444778
-8.312173
-4.604904
40.981838
27.869047
-23.319714
0.398461
28.576704
7.862287
-25.336504
22.547768
16.194729
-0.063161
-25.110300
-30.763220
-13.206806
3.354509
30.037167
-4.998387
-2.976281
5.176047
-15.324854
-27.143053
34.452839
-6.351579
-1.087181
45.197926
25.040474
-7.887852
11.970551
-24.148970
-11.555802
6.082918
30.158520
33.043465
19.893061
45.194061
-2.300170
-16.424040
-20.772432
32.144997
-22.929560
37.609303
-8.204532
-2.098560
28.319319
5.307053
44.525101
3.408444
-18.404385
18.590088
27.746191
-21.414013
-8.853536
-9.407104
-19.106243
-30.493153
-31.160265
32.995693
-23.383892
-8.473634
26.082623
32.819344
-27.225706
-6.682490
22.078262
33.987381
-21.972090
-22.514116
9.402989
14.803048
-1.246969
-27.172131
24.586861
36.090668
12.502191
14.481110
5.978233
-34.743660
2.566074
-19.213512
31.321537
1.560185
-6.333565
1.351040
-18.454824
10.151184
6.819864
-8.324102
32.593975
-11.078330
22.888990
16.321138
10.769330
-23.621511
31.323818
-9.944427
-25.704548
23.229273
-16.048317
2.802165
14.333168
0.532318
-5.537408
-12.617842
26.768385
21.242319
22.914392
11.925529
16.655394
-33.846687
0.750841
-6.713547
24.727400
13.237119
-15.429649
-25.908716
20.797770
-22.726799
-1.211520
9.909927
-17.699284
-28.516079
29.910128
9.289495
27.422634
36.229660
9.038478
10.592810
-25.201797
-26.238264
-30.835932
-31.930420
-24.988821
-7.864620
-0.347012
21.722498
24.283998
-25.664225
16.620779
5.601396
-24.584909
8.634309
-46.492649
-5.801812
34.093159
11.681316
-10.916661
-41.534264
19.063641
17.679403
8.194530
30.499933
9.717456
-23.066626
3.898118
-27.156776
31.429491
9.082788
19.687010
-13.438755
-29.960814
22.008036
-17.851812
14.272173
-23.270779
23.055565
-36.552353
-20.203445
17.234123
17.203945
21.163130
-6.431345
-15.400596
19.687027
-35.392899
-9.042762
-38.470337
1.419463
-16.564405
-17.342993
-22.944485
-5.170705
-33.545647
-28.970415
-21.729187
-43.193092
-19.371992
-14.365396
4.163599
27.902033
1.259931
17.304138
15.584852
2.300680
-2.675739
44.548531
-2.381514
-17.745411
40.002945
-11.317624
-23.996933
-19.604855
21.599691
1.981253
-16.763281
8.271988
-1.113965
-24.271597
14.025863
-9.478879
25.432383
19.810644
-5.988788
26.057333
9.461255
24.319382
-9.188945
-12.971618
-9.011373
26.057997
8.982350
18.139290
-11.736828
-2.491738
7.546444
-13.492959
-11.325292
33.860016
-7.675605
26.262331
8.331145
17.817299
21.904844
-0.614535
0.341062
-28.125376
-7.243706
29.912359
34.466221
29.985176
-18.727144
13.145688
16.524355
14.579500
26.715853
10.902435
-6.771837
-13.915094
1.737987
33.659679
-7.926442
-2.323997
-14.860533
-15.556509
-13.025664
-14.403203
-21.712358
-0.139172
-30.198586
-2.204151
-13.797634
-10.015466
-2.166171
-1.932241
-33.964024
15.638464
21.808483
1.172449
25.749617
13.745934
46.751427
-6.495529
-39.853855
23.831369
-8.611689
-16.366629
7.732767
23.747246
3.180070
17.211691
32.012962
39.218323
2.247570
5.536351
-30.553551
28.902010
2.716413
21.758923
0.643774
17.206730
21.113596
-13.571335
-3.991694
-2.492585
16.023727
-25.469385
-26.177607
27.114727
13.202882
-29.085569
20.957100
-28.869089
15.465431
-7.097516
-22.162312
-2.459301
18.673830
-5.401657
6.922891
-22.434000
3.454830
-7.044697
39.892056
-5.931134
-5.716691
3.329040
-7.072149
-33.005512
-10.282029
-4.413929
30.184237
-24.049721
7.574573
-8.265887
-7.943275
3.183637
-26.582123
-20.474312
-11.942995
-31.901180
1.525202
17.340609
4.315720
22.671537
-41.474670
14.996461
-9.645377
-17.338202
14.616405
-25.905674
19.029995
-12.347340
-4.404809
5.308898
-20.391758
-27.703497
-22.422581
15.770677
-5.717456
-18.023945
23.663944
-1.589753
-14.474327
-27.857185
36.193409
-44.627850
-2.199361
15.123702
-17.660629
25.015310
-11.745685
6.711349
19.639345
-32.148067
29.821016
-23.345379
-0.241389
-14.651083
-14.598140
-14.716125
26.354641
40.355423
24.516582
-0.022670
-0.529552
22.647097
-42.996136
-45.227470
-7.428007
27.428102
-19.813534
-3.959862
8.844066
-5.661789
-4.573807
10.909542
-7.153239
-43.614666
-19.655132
-16.653812
-37.621494
8.277831
-3.496762
22.374002
16.319273
0.884961
31.311308
13.964767
-3.897668
-11.739173
-31.630081
25.957462
20.458841
-34.592636
-7.922232
-4.124317
-36.233196
-10.753235
-7.812669
-13.623144
13.589427
0.648274
3.479528
-13.494506
2.154469
24.230093
-39.718437
12.242145
-0.936175
33.194942
-23.052391
27.025023
-3.396607
-21.680893
-12.491022
24.133324
-11.215678
-31.709282
-34.986603
27.713522
23.955200
18.721653
-14.004450
-22.592960
22.948622
24.817524
-2.292546
13.083046
-34.163872
-26.204815
19.805889
-22.893272
-23.772694
20.185123
16.125746
-0.976993
4.501078
-10.413715
-13.239805
21.898542
0.543553
24.202881
22.621838
2.210445
-37.018192
-13.348362
12.441503
5.614096
-10.849377
-3.110090
17.952473
31.846525
-43.331154
22.242708
39.423149
-14.093410
23.331146
-38.488636
18.201019
-27.372511
-14.167617
-3.105000
-32.828777
-19.051565
-5.034265
19.035048
-18.099651
-33.829220
20.637659
13.650396
22.264908
20.545626
26.946875
41.812008
-28.246716
13.686320
-26.360140
-9.282967
-26.335287
-39.448105
-12.333075
33.118301
32.277328
-24.249146
3.247395
-21.884315
-24.753361
5.417495
-3.766083
19.187977
-4.372701
-1.514422
31.588373
13.069483
-17.647106
45.546654
-2.213470
-14.774617
-12.229649
-34.053532
30.184669
-10.070207
-25.813637
-2.654824
-24.812168
15.514568
15.045188
-0.874592
-27.677906
-22.049791
3.214190
7.815206
-20.735670
-11.176716
7.483655
34.214954
20.005062
-23.495695
8.336766
16.010141
-10.332663
32.970860
27.434826
-17.129555
18.022665
-24.655321
28.736593
-49.427837
-6.219128
29.521776
-13.647966
-16.700413
-21.326963
-8.099429
-28.232466
-8.571380
-19.253777
-29.358181
-3.767493
-1.048143
-39.999474
17.034214
-30.058289
5.779041
21.726562
2.342401
-5.816956
32.575092
2.445440
19.008886
-27.961285
13.598890
21.412712
17.136780
7.078610
-6.563256
-25.845888
-29.142805
43.134834
1.389228
-22.912745
25.976986
13.474811
-22.255072
-30.574522
21.549217
-38.739113
-2.937672
20.314871
-18.416636
-8.925256
4.535429
-11.830431
18.412210
-30.878281
-22.904993
2.288941
-10.096075
-16.059698
-34.513966
-27.766157
-9.828548
-12.186721
-7.941398
20.562674
-12.779526
4.501815
-6.356070
-34.856564
15.465003
-43.074196
-24.385309
-0.088235
-20.820492
8.084386
-13.991799
-3.232529
-1.984692
-30.906317
-11.161436
-21.998827
23.811649
-20.987696
6.833100
-0.928225
28.622051
7.277464
4.922225
20.487246
-10.686013
-13.744028
-11.865647
7.240952
29.969734
-31.264397
9.816790
-0.108280
-35.233620
-22.676727
-20.735355
-39.814068
33.084442
0.649643
10.310476
25.004393
19.178429
1.003034
9.160598
-33.157417
-10.434825
-8.416413
23.995516
-31.008089
-4.120375
12.072927
-11.729745
-7.909696
2.248559
5.370234
-23.443172
-21.732553
-2.762147
-10.953320
-33.820927
37.668480
-4.875038
0.493012
-18.211414
-10.437298
-22.777229
1.655421
-28.285538
-16.994625
-34.294003
18.640474
0.562078
-16.228140
13.189389
-28.465340
11.705081
-20.463020
-2.849235
12.785766
-30.146023
-5.591923
20.769547
5.507152
-6.251357
-10.874036
12.960093
9.839561
23.348289
2.069893
3.359325
-4.999166
24.357397
-18.150980
25.899824
-30.908646
22.845087
-26.273952
-17.182875
-13.650980
3.822809
-7.225067
-12.008233
26.255619
-32.371895
-0.925840
-16.556921
-20.176149
-18.488560
-23.805370
24.096228
31.780924
25.732018
17.168390
-32.743858
-23.450407
20.750572
35.387417
-26.183193
1.026832
-16.212257
-0.314214
11.729004
29.396360
24.216188
-0.732421
31.936314
-18.866959
20.688757
-7.950076
-1.687440
14.985076
6.732132
-14.465104
-8.448267
-28.544048
18.606842
2.138089
21.013861
-22.869556
4.079729
2.934755
16.712505
-11.242509
19.505939
-31.524368
33.151943
-19.418745
-26.128174
-42.453758
26.482256
-28.979477
19.853041
0.059894
24.169209
-1.440272
-32.510956
-36.766880
23.978952
0.438830
-12.510424
-19.618284
-12.767852
-4.346570
3.010510
-16.186237
-29.432251
43.630901
-26.898727
11.036276
-15.869081
-26.615911
8.480080
-30.385649
2.103481
-5.832336
21.322254
30.614975
24.770191
4.138780
-24.713236
28.608631
-29.572090
26.587526
7.605629
17.628801
-20.946030
-28.078003
-31.677837
15.536832
-28.686121
-16.101625
-0.261867
1.618718
33.428932
-20.135393
-25.351269
1.986711
-7.508097
9.008084
-44.559914
27.920128
3.888501
-10.600910
-17.215143
-28.324913
-18.563839
-2.771736
26.935091
26.192259
10.084714
12.905610
-5.382411
-11.026917
-20.539299
13.898372
23.504305
13.714322
-13.077221
30.375721
26.692966
49.421150
6.011620
13.785624
20.782122
23.876678
-35.088245
10.842073
19.250208
11.585217
16.795042
6.324641
29.130737
5.399755
11.659189
-9.504589
20.543705
3.277924
-22.560173
18.836475
-16.739607
-19.714542
-27.764463
-20.350677
-12.170104
-35.651775
31.541697
-31.312328
-28.860899
-6.977519
-8.446388
-6.139499
17.476492
3.930280
-27.547251
-15.995150
23.055418
-11.909820
-42.544117
-9.718506
10.726514
20.111172
-21.831745
-33.802013
-3.837497
-5.468994
0.346160
-10.137035
-26.589024
-6.577188
22.939669
-5.192571
23.429388
-7.520854
39.570499
12.649413
-24.352005
35.522552
28.175835
-29.390732
26.856750
-2.629992
32.158703
-17.689053
14.959823
-39.333969
21.662792
-15.937021
-23.195120
-12.101077
-30.487919
-4.140695
2.681717
-20.072163
-2.349905
-20.684155
-12.239811
-12.498763
-1.717339
-24.343735
-12.169864
14.278367
-2.784361
-17.782118
-22.963232
1.678940
21.775898
23.053411
-4.657607
33.561325
-14.686337
-14.542001
-23.329958
-5.579464
29.128687
-15.593980
-33.703918
-7.962027
30.427057
-20.428062
-24.834057
13.370816
-12.403909
-9.629459
-0.309042
3.620320
23.027437
29.119713
44.674671
12.774383
-30.472857
14.869207
17.057604
9.521586
-12.205070
-9.026820
13.841079
25.150730
-20.229849
-21.679098
-18.779463
9.242846
25.321451
-5.665008
27.241819
-17.339621
19.655205
11.324969
20.376143
-5.950024
9.210792
15.064184
13.833300
22.895958
21.973135
9.943542
18.089376
-0.521582
10.902297
-0.558682
-13.694648
9.448494
-11.363772
17.945574
17.375891
-10.767899
13.431887
-10.405306
11.558035
-37.502533
30.943447
-6.670217
-11.402007
32.728477
-27.113775
11.612538
22.949562
-19.890583
2.209513
-30.102207
-1.103168
16.499294
-29.271847
-0.841178
18.447662
24.744020
-6.784730
16.211695
6.164416
18.838202
11.005211
41.177017
1.517780
-1.715542
-8.909425
10.259184
17.703888
-24.012079
-16.580984
25.001074
24.405151
-34.868923
29.110760
13.960027
-27.641243
-16.337893
-16.170961
-27.963516
20.254286
-2.504364
29.123985
8.404993
19.154589
34.402546
8.781602
20.591629
-13.788484
7.881773
22.548603
-5.481802
-21.095324
36.291279
-4.605312
-10.602998
-29.956827
-19.514408
6.303817
30.628147
-22.177956
-9.671807
17.544943
9.980237
33.962040
-26.299328
40.946377
21.576670
14.435242
-35.034447
-4.650380
-27.779364
-2.067447
3.460837
26.427607
-22.445532
-31.526718
-37.808411
19.551968
-37.306049
-26.766264
22.790285
5.658126
-11.683923
-23.100042
-32.197746
-7.657295
-38.206417
29.465340
12.800717
6.971745
-13.049115
-15.170551
-8.953349
8.389688
-14.546503
7.316723
5.768219
14.202693
-22.866047
-14.113744
4.189079
25.451315
28.146664
5.149899
22.333788
0.233411
-11.477844
18.160042
6.749438
20.919357
-11.147757
-20.721739
-17.796265
-3.757789
-9.930312
19.571077
-24.407619
18.102364
-33.482689
38.250629
-2.138617
20.567036
27.513124
20.567846
-26.036995
2.748475
5.262075
23.883339
-10.348334
-21.068768
-21.504974
23.041117
6.978211
23.226751
-13.041316
-37.018681
10.977638
-2.677446
-30.258364
26.358282
-49.641914
11.630723
13.295941
-0.846915
-0.330065
34.867439
-1.412228
26.863438
-38.661552
-8.364948
-34.412319
12.478998
10.835503
-10.151468
21.521837
31.230206
22.233953
-5.057207
-5.951728
-7.433923
-23.209511
7.443250
12.294797
-3.415354
36.107281
-6.519355
33.400146
-38.594364
18.434099
-12.784241
1.774947
-11.851022
-17.582254
-23.060469
-22.370350
-18.107903
22.771584
8.223085
27.988529
11.452108
-21.589544
7.976824
-24.000055
18.304001
19.415047
28.501173
0.393639
-14.510674
-6.544837
6.589421
-18.185970
15.525343
10.785321
-5.737397
8.965601
13.619643
20.951321
14.782260
17.492254
-27.788885
12.064644
29.028320
5.652137
-35.800316
-18.646351
-21.019331
2.298457
-25.648127
-9.483935
-0.926449
-18.820551
18.494524
28.997454
6.922313
8.665940
-28.009632
-22.912121
30.255262
30.384136
-10.015908
27.851326
21.477074
0.891585
-1.951277
0.766990
18.107391
26.788343
-8.728122
-24.605328
7.370787
-22.127691
18.433851
17.100719
-28.752581
-30.270792
33.326519
43.807194
10.015244
3.984760
0.294540
23.555857
2.322804
24.018225
2.548668
21.210148
-11.748022
41.641224
-16.287880
20.570253
-21.664351
-13.159806
8.162827
19.870413
1.613653
36.855263
-29.660337
-31.312010
-33.235020
-17.304504
-9.653302
20.645264
27.063078
-15.650956
1.812231
-9.467653
4.401115
-20.383041
-24.390110
29.043814
-16.603960
-6.974055
-5.849418
9.135409
34.497456
10.710920
20.185335
-21.452713
6.699240
30.503609
32.057457
8.677995
-13.755282
-30.607145
-22.694633
-31.889503
14.281990
-14.846733
-12.017401
2.553307
-32.117043
-18.641478
23.626146
-41.570904
9.697979
12.996745
23.847807
-16.692127
6.609053
20.814735
-16.530703
15.364429
0.493218
37.606594
5.065878
-8.397979
-35.712383
-18.342936
11.059479
16.767138
-30.054018
-19.143682
-32.474609
15.880652
8.890554
6.447355
8.423287
27.366680
22.233372
-2.557632
-30.649660
12.799712
-7.394875
-23.326033
16.905333
8.337798
9.303027
18.816912
-6.896146
-5.905593
23.004818
27.067080
8.080204
-25.607349
13.430039
30.086092
-3.993563
25.932985
36.117737
-14.225053
-2.021461
-24.206467
11.904798
27.779894
-25.361814
10.601358
-18.254278
25.152840
10.490405
14.396474
-22.043219
-33.625439
19.793962
7.216185
-37.856052
5.187309
-12.264890
39.777729
15.012408
-26.062649
-16.791100
11.098034
-5.799758
-9.120584
2.712556
-25.309408
-23.762060
-25.040131
-26.970045
22.383060
-26.098331
-26.565281
26.921173
-21.966654
-32.737698
-20.755989
-12.447670
-16.004864
-8.957887
-11.591871
25.013161
-6.585053
24.233459
0.116935
9.630496
-22.102739
-21.010113
23.970589
4.308635
-41.219440
-25.000202
-29.097620
20.118357
22.105770
-14.181252
22.220669
-8.851592
-3.530551
17.069420
36.904533
6.956530
-1.284900
-32.323551
-24.709341
-1.298844
4.711191
7.420913
34.334042
28.817915
19.981340
10.259202
20.073414
-33.011803
28.711622
12.494291
-12.167888
13.069716
-16.695944
6.276863
12.004616
6.824233
30.605089
-20.462307
-4.489321
-22.205351
21.554201
-22.585077
27.431843
19.303339
47.704823
-12.240476
-1.594146
-5.309066
-9.443834
1.026122
2.283625
8.294600
1.287425
-14.139533
18.811995
31.818697
-26.306505
-24.963701
6.295089
4.571355
-31.663570
-9.015516
-22.994520
-14.975905
10.387564
24.099949
10.886114
28.113197
-29.342102
6.429624
8.237034
-15.730268
19.209135
-31.686890
28.888145
35.900471
43.605007
7.976734
-4.622727
30.307644
-14.037955
-22.228270
20.391449
-22.326872
3.522722
-19.410328
15.792192
-23.997574
-10.334188
12.074867
6.818002
19.489862
16.114429
13.124523
25.564816
16.059921
36.828838
38.010193
-2.317168
3.073332
25.935602
18.603909
29.567600
-4.041398
3.053209
-10.696393
-3.154846
-6.526908
0.919360
-20.579805
12.090550
10.624608
-0.815955
-30.978554
10.550077
-28.799467
-4.408225
-30.046558
14.561826
42.427837
3.615542
-0.628297
0.359115
28.571541
13.354804
-11.983959
-17.889399
-15.827677
-9.762815
13.304746
-9.363628
-23.121473
-1.330317
29.506933
32.049202
-31.323267
21.732443
-31.718552
-31.230639
-7.175165
-5.624754
4.326946
-29.582598
19.730677
0.469061
29.684420
-5.232224
-8.182405
-21.600880
-26.884636
5.932591
19.420437
-10.873757
30.121840
-24.438108
-0.200228
22.117336
-22.797743
26.510422
23.815472
32.226406
-14.990100
18.834314
-25.303608
15.888970
25.955563
11.539695
-24.900270
11.540297
-22.740374
-18.980202
-30.461348
-24.390081
-4.634326
24.013258
28.720848
-12.903905
-30.518824
-1.172018
5.366443
-32.483078
24.380617
5.025814
-35.383442
2.147752
-11.404011
-12.286155
-24.514528
-20.169050
8.256418
5.164409
6.409427
15.661847
39.998169
-25.579494
-15.757625
-42.483376
22.908638
17.896786
-8.604783
5.108819
-7.978908
12.938161
12.029476
-20.302183
-23.089848
-22.686419
-14.555366
15.632375
22.857841
-24.615896
-23.421331
25.566872
-34.780758
-38.348354
-42.638363
-15.415779
-3.985639
1.723303
-9.308752
7.932767
10.143314
32.430412
-26.667299
10.058153
7.911467
18.669071
-16.355841
39.779465
-32.718098
7.169981
-6.150357
-0.233097
8.157829
-19.841711
15.849618
-21.775511
17.171616
4.123501
-0.248593
-27.778008
26.268194
-21.363733
-12.700363
-18.194818
-25.798391
-17.059322
-36.517105
-8.469548
-0.718454
-15.787807
-11.192993
16.334761
-15.948763
-19.814390
-29.411560
9.723078
-36.924355
11.137955
-5.236021
20.377323
14.065205
-23.389780
13.278563
-11.281678
28.818695
-8.998819
17.378054
34.931202
14.416445
-17.058090
15.544439
18.712646
-10.148401
14.742349
-17.576458
-22.431498
26.437733
1.894635
6.759250
-19.006887
9.522834
-4.707059
-29.284689
-35.702400
17.556536
6.209169
-29.582043
-5.121192
21.341749
12.585737
-16.285521
-3.135081
-1.574841
8.636640
26.436892
-13.807251
7.150230
-11.612487
28.998711
-34.864231
14.572852
6.578633
-18.471794
-10.934663
18.202652
4.343906
8.436458
-29.375240
-19.631451
26.266762
-24.410275
15.769282
-25.102713
7.246303
-19.433819
13.539945
-4.632777
5.872035
10.861524
6.697062
-22.279984
-24.208298
-18.158182
14.119375
17.507608
20.496370
-15.440882
-10.167484
17.525211
-31.940510
20.288105
27.592514
-30.844713
13.318279
8.005666
-15.151506
21.341486
-15.657387
-6.125281
11.223015
25.557117
-7.857158
-14.512853
23.686867
29.781076
-15.136879
-18.546589
-1.623543
-1.842732
13.427480
-13.188704
-15.286991
-22.070915
-21.784296
10.279144
-18.583338
-10.607401
-25.286079
32.766712
9.629851
3.613703
-4.090461
-25.728952
42.474148
-25.757898
38.524143
-16.480589
25.705984
-1.919778
26.937279
16.974348
22.330891
22.206289
-36.329117
38.472591
14.623116
-25.761368
-24.926109
29.000124
29.098553
17.847189
23.828566
23.604101
-6.954135
25.852278
13.690748
-20.375418
11.233246
17.368153
-34.004787
-3.955180
5.126915
29.952824
-9.219078
34.088978
-32.410198
4.711423
7.265989
4.713863
12.176063
15.795812
-20.899435
4.249141
-3.251863
-14.556456
-7.934003
19.398079
-11.369575
-11.865788
-2.583190
17.947285
17.352821
7.271855
-12.578624
-2.821121
-12.064716
40.215370
15.768401
-0.910516
-30.740185
5.797442
16.383596
-7.820044
6.077612
-3.150714
30.057680
-0.792768
-18.476086
6.246872
23.506310
9.463269
-22.545572
-23.811121
-3.153067
14.732821
-33.557613
35.741840
-8.971008
-1.136955
-9.491052
0.370111
-31.234184
-4.472106
-23.530880
22.187658
-6.242220
7.416984
5.241479
-33.289223
26.277315
10.353904
-41.908195
16.831291
1.532183
-34.249153
14.556710
-21.761354
13.864046
1.366190
20.300894
-5.803665
-14.478004
18.198582
5.580491
-6.407862
22.658623
21.097679
36.163715
37.685574
-16.041775
38.246906
-16.007978
-29.381756
-23.053205
15.899713
-35.215439
16.223534
26.743137
-4.351881
-7.107080
-24.337252
-13.978384
13.823056
22.872320
30.786579
-19.648956
28.164371
-4.886319
10.987439
33.516983
-16.985516
17.293425
17.901892
-14.935538
4.591186
-1.561911
16.486738
-24.247459
-11.616579
0.206080
-32.726261
-15.251172
-23.179781
-25.342302
2.621537
-28.323162
-27.868990
-16.201910
13.554375
-36.450180
10.350408
6.469759
31.812950
-25.383699
-5.461230
-33.631214
-21.376513
-2.537968
-2.888918
8.010101
-28.005413
-22.729155
2.562293
27.434505
13.002195
5.849062
22.934639
-26.023373
11.941238
-25.258451
28.135052
-7.196802
13.865899
22.525980
-25.786261
-12.274483
21.108353
-5.736942
5.481113
-21.547022
-11.150310
-15.208894
2.695892
-15.172900
-30.594633
-2.705336
-16.833214
0.753420
-23.303001
26.311804
37.867035
-17.765474
-6.597376
-26.145496
25.758238
-6.937070
-9.344043
3.994638
-26.642494
7.914811
8.930312
-22.883543
-9.955023
-36.003639
25.966026
40.418266
16.607431
-23.183197
-23.157415
26.732481
6.242828
23.081627
9.410184
-34.503376
26.474890
-18.154276
21.287655
20.267448
-1.020003
-4.806302
-17.605389
-2.518869
-10.540767
-6.191766
34.137821
32.962727
3.901081
49.176910
20.520542
-22.717613
-16.723677
-17.862804
6.797344
26.663887
-18.530977
35.419056
32.179707
14.676466
-33.475018
0.974094
-15.449364
-16.290747
5.039563
3.616458
-1.434643
1.808792
-3.931952
19.117802
7.067419
0.411321
1.173341
3.801997
-18.248911
-36.209641
23.350885
4.228395
6.913124
-34.163177
-13.502276
-39.225986
-21.504324
-37.849724
-7.927293
-0.118901
22.611629
-11.783543
-27.918386
-21.690819
-0.904975
-3.065933
-46.411148
15.955903
14.417838
9.994328
-17.594072
7.655803
-19.822723
-5.870013
-22.222332
-14.916468
-30.333305
0.109250
-11.820530
-32.935436
2.675458
-0.622558
8.778831
-14.483198
-17.776773
26.159725
-10.898271
9.052029
9.784242
27.566727
5.347525
-27.180077
-29.141428
-13.673472
18.853670
-31.385721
2.810531
-37.031231
32.093967
-22.453636
16.629154
-9.834169
-8.434964
-19.861542
-4.314642
-9.810892
-17.784229
34.281891
-41.280910
-22.758326
-6.041816
-5.072378
-2.493226
0.439941
16.664730
12.123088
-1.959679
-10.342987
1.055693
-16.753454
24.236563
4.620705
4.841834
-13.053369
-6.260279
-0.740418
-10.882437
23.009787
19.969501
-28.233637
38.071709
-14.658377
-0.019296
22.170847
31.067537
34.227566
13.382490
-24.204260
1.805458
-11.592676
-31.404158
-9.336971
-16.668253
-31.525017
18.318859
-7.608178
5.496938
-19.395489
-17.002806
6.600293
-27.534582
10.132249
30.985703
-1.690255
19.679823
-20.854368
31.668934
-23.554148
-24.876928
13.798070
-31.260550
-40.488785
47.590397
-26.022306
7.184383
11.978819
32.763710
-14.443660
-23.782213
-24.321497
2.399982
13.371491
38.315578
6.529006
-22.467974
-32.552544
-29.418009
13.812631
9.476783
9.680617
30.718719
8.409112
33.633457
-22.673086
-18.128759
-37.340347
27.071947
0.866259
33.621231
21.562187
11.978286
33.188370
3.897568
-33.183098
24.147169
11.077348
-18.997803
-17.833658
3.321835
-8.013091
-16.720612
-26.777838
0.195814
-12.220475
20.587656
4.043586
-24.919516
-10.952687
-8.036997
33.625317
-8.536073
-13.994281
-30.829109
24.895657
-2.858734
-20.671539
-32.546478
-19.690933
16.552122
-26.491728
-6.274961
-1.318706
-11.189851
-4.775981
-32.245407
-16.913347
-34.317043
11.980164
6.728137
-21.909708
1.791300
-5.169463
15.830791
-36.639816
-27.775286
27.309694
-43.284107
20.941830
21.363955
-22.657228
27.702303
-17.851049
-18.523096
-10.009871
-33.488510
-24.974909
36.113892
-34.673653
-18.359461
-21.630352
10.649691
-0.181100
-25.558544
13.724281
10.146717
-0.728674
9.931105
20.917301
-5.724217
-6.253313
16.225605
-25.105202
-0.549776
13.379050
-23.619106
41.962692
-26.429752
11.782354
33.168308
19.163004
13.539836
-41.911629
18.928820
-8.404339
-16.204130
-9.060424
-8.595988
-9.499936
7.863780
-49.137871
-30.689617
-18.176327
15.315825
8.270830
-33.410542
28.769260
-3.201350
17.588345
-24.607857
-19.316502
-1.187554
2.145937
4.876975
-14.319248
19.453575
-15.697802
-13.577385
-10.571098
-2.523724
22.483051
44.477470
19.116102
-18.080521
23.619335
-28.275023
26.864645
-29.693607
15.554564
1.353528
25.062859
0.160838
46.527321
-7.409006
30.398796
-27.320698
20.549137
-31.258621
21.281889
-0.894692
6.338371
-22.612537
-10.354650
36.423164
-14.120290
7.371462
-14.301728
31.829473
-19.560551
16.896059
1.215396
25.262005
-19.629660
19.578941
0.058272
-25.440271
16.072956
-25.210520
-35.456402
-8.713274
-4.538798
-8.649322
-10.677676
9.058340
12.754603
-12.537573
-28.742140
17.592659
2.118630
-30.566050
11.333975
-26.655964
25.706316
-22.546431
-20.167315
20.896378
-26.411402
-26.688566
-20.514587
-6.844178
-0.970796
-20.813759
40.387531
26.934576
28.432863
13.218719
-13.478268
9.363939
-19.882299
-6.987956
22.196657
-15.272487
1.418687
7.197330
-17.391571
-16.449230
50.979729
-8.308381
26.518278
-17.759687
-6.589979
15.945103
-12.670093
4.838274
-12.003486
-24.230865
-19.991858
-42.675510
5.655107
5.024443
17.413898
11.557981
26.022028
-12.964199
-12.230928
-4.355746
19.682222
-33.819130
16.836056
-0.666573
34.446548
0.670565
-23.774532
20.839493
6.373945
25.538761
29.966516
7.321749
-24.839008
-1.951962
15.958486
19.004545
19.176292
-12.007321
-8.801021
11.469240
5.779525
-13.324773
15.310412
39.679569
-25.250231
-25.196001
-25.478548
-0.727027
-30.685938
-20.820902
42.630238
-8.168862
19.175175
16.930536
5.923933
23.689951
12.234996
-2.677917
2.356698
12.691962
0.835639
-19.989590
-17.470463
-24.844416
11.606423
-13.590632
-21.617979
8.101637
6.376414
18.932377
-16.647905
-26.339333
-10.086256
-10.272243
17.697206
32.805058
20.134098
-16.235765
-27.845654
-8.428788
4.350308
-9.930756
38.321075
22.651112
32.760521
-18.255684
19.669033
-26.198059
-39.350246
2.244025
-5.153874
-34.819141
1.863756
16.753736
-3.682977
-6.253086
-18.747416
-25.187740
13.936785
-19.346878
-7.101833
39.461826
13.826607
21.131855
-0.547177
32.683788
-31.837877
-26.236443
-2.432200
21.294107
16.393421
9.778210
-27.241581
8.088922
-3.425221
4.300348
10.011804
-40.580044
22.583540
22.244711
24.032974
-23.244953
13.977571
-22.516123
-2.867651
14.648889
-17.523987
-27.454077
48.917313
21.165667
-0.126239
16.692186
18.777586
-1.281320
-6.741961
-16.647783
-21.246319
-18.357370
30.280579
-45.293213
5.246578
2.428698
1.484752
32.085083
14.818811
13.247048
30.202965
-12.265811
-21.855288
13.026296
-3.662633
-24.672859
-38.752563
27.017673
-15.417226
-37.415569
16.393076
24.689137
20.087124
9.123238
-8.455423
-6.596066
-40.085361
24.620262
-9.560318
24.244888
22.270149
-18.884750
-26.640923
1.633459
14.310292
18.310047
-1.966176
28.098345
3.441585
17.086714
-13.483613
-2.498691
-17.219458
20.160784
-5.784058
25.938314
-26.530140
14.196266
6.924011
-17.776695
-36.815392
1.410565
6.195261
-25.606766
4.627191
-22.390493
-29.625023
32.070381
-20.866850
-14.533562
9.084116
0.251044
6.605097
24.051950
28.454035
-32.813507
7.348526
32.122215
11.705991
14.586612
-20.253096
28.970547
20.091864
-2.681300
-26.605402
-24.443258
-7.709550
29.605257
-21.495520
4.720470
-8.539823
4.483594
5.837717
-22.951099
9.689552
8.927578
23.905079
32.713531
29.187105
-30.646273
25.630590
2.879864
15.450155
4.340336
-15.453040
-1.165240
-7.251500
16.399267
27.731726
-18.123747
-12.543167
-0.122040
19.002380
-7.600784
13.508769
-19.974583
-7.262221
-8.929114
0.949882
22.952410
-21.772812
-5.639019
-33.452747
-11.090916
35.359943
-27.054031
-6.975915
-7.708350
-28.293152
-10.022516
-1.060814
-13.335308
34.722523
15.003118
8.811164
17.961769
28.237617
21.319914
39.019989
4.536979
-1.337731
43.618477
10.382763
23.605415
2.290833
-31.858692
-35.482605
19.047346
27.887350
-2.966200
24.977882
-41.057861
-1.259763
-0.530380
23.825274
-22.614300
-8.416056
32.006187
-20.676884
29.637150
-13.657475
26.907738
30.955097
22.450277
-34.515636
-20.323671
16.547363
21.122839
-10.905591
-19.035017
-38.444050
16.991835
4.484084
-28.159178
28.085566
-24.524380
10.775881
-7.456786
18.340134
-12.514358
-36.372501
22.901838
39.662663
-1.921780
15.250538
24.938202
-17.002470
-19.225426
-21.026081
-21.535221
-15.461720
-27.965309
-15.201591
-15.457652
-35.780960
11.857641
14.846049
-8.074272
-17.136724
31.967264
3.217572
-22.543653
19.484869
0.392470
-19.473448
37.360989
26.436550
6.178222
-2.735199
6.715475
24.740273
17.726980
12.250466
-19.637909
20.237799
-7.610228
-23.493618
8.446711
-9.606390
28.956606
-30.710213
-9.043316
-19.030468
4.340508
0.096441
5.768456
34.488869
14.024417
-8.100981
-11.434975
-26.476341
27.282320
14.075036
-0.453823
-8.693728
9.931959
-19.726894
7.058204
-0.963567
4.227746
18.519175
17.521940
-6.914726
13.796918
2.645800
-28.685137
5.377624
41.929470
7.889115
-0.328505
18.343555
-16.582561
17.137802
13.376383
11.274220
20.952047
-22.923431
-0.665480
33.106911
-6.551562
-37.055752
20.544014
-0.655515
-15.629169
-8.998250
2.774233
15.342749
33.177933
24.104265
-7.681384
-14.146235
18.113924
-16.905634
-10.482766
-19.133282
-7.388938
-33.783611
-1.105618
3.340318
39.771721
-23.792318
13.614638
-43.927906
14.017552
3.090097
-19.723206
-3.527363
-8.049514
-32.038559
-35.177639
0.684994
9.515720
22.168396
28.939310
-26.919338
20.336557
26.133024
5.511457
-37.289165
-27.253544
23.390724
-41.726379
6.790539
-1.572196
3.045312
-23.414618
-17.217144
-15.045989
10.857627
-31.474977
-11.210359
26.553389
-13.128895
-1.013986
-20.484364
-4.045383
28.177887
2.531466
21.999048
0.760260
-21.495438
0.868536
44.427330
-12.195781
-31.332518
3.357439
18.239796
19.708160
23.360416
21.560560
18.959579
35.308361
1.458958
-6.586814
9.005439
-8.123686
30.366486
12.247288
28.252289
-12.250033
-33.160583
-10.548441
35.730915
-9.822603
13.355857
7.884165
-3.553236
-19.080544
-32.128677
13.939612
17.829649
19.238155
25.413561
-30.681355
22.567362
-8.710041
33.831009
23.036440
-7.841465
21.898800
-0.754239
-18.912905
1.795537
34.912189
-15.013443
37.022514
-4.532739
14.502991
20.510195
-4.371050
21.083735
-7.733616
28.396450
-14.963908
2.037521
-14.577626
18.189110
25.727385
2.104867
30.322315
5.207617
-10.217675
-2.408859
26.112400
26.077705
34.252457
44.311214
-26.973801
-4.865269
9.859313
-6.095589
17.662060
-18.839422
-20.803406
22.942266
-0.658461
-42.552982
-17.940863
25.600319
-19.433722
-28.238403
-14.193043
15.584100
17.493475
-1.597384
-4.099225
34.225342
25.004932
9.463547
-21.733978
31.892973
2.659960
28.286299
-3.933840
-17.816168
-17.968035
-26.969652
4.229520
23.354073
25.903545
0.655610
-12.769726
8.677727
-19.173744
13.179982
-15.681675
-8.246771
-2.924111
-3.787428
-2.809092
-9.607124
-23.085320
1.954721
10.682340
-31.760862
4.416506
22.780636
19.772455
-11.414496
6.719220
-16.434378
-11.865048
-25.005632
26.261223
9.936390
30.633177
-11.997423
-13.072676
-2.180092
-13.993256
-43.842480
5.538057
-29.721771
25.029182
-11.806173
-34.381504
-25.743824
-4.170806
-6.645177
-13.107759
31.338905
36.621029
-2.246766
-9.595666
4.125005
-14.479708
-28.534002
-13.024060
24.847124
4.999249
-14.800261
-28.498060
-9.233473
20.214045
-10.673195
-4.904334
21.375835
-38.812466
9.853822
-4.173161
14.528534
25.609318
-6.610532
-5.567689
33.560905
-20.010889
-28.820105
21.771576
-12.755408
-22.115530
-14.029205
32.647408
14.269674
-11.380615
-19.242525
-1.213141
23.852144
-13.280190
-22.757374
-21.167225
-37.880234
10.598790
-33.441345
-2.637963
23.784580
-26.492424
38.691685
5.114683
-8.396976
-15.738685
-13.148705
33.361439
13.514103
25.743162
39.095570
-11.691108
30.553308
-25.534592
7.082349
-33.599400
14.970266
-4.230922
26.789625
-32.807816
-11.974796
20.725418
11.926139
6.806455
-13.848757
-31.980791
18.743761
-5.056990
-8.367679
-3.051484
26.141899
34.456188
24.350826
-3.025973
-2.236052
-23.634239
26.503847
38.788696
1.791668
7.109069
-30.063902
2.624420
32.045025
9.113213
-11.169733
-22.661785
6.950226
3.531595
23.018671
-8.797963
-24.455843
19.144287
32.587566
-1.647379
11.651493
1.841486
13.790196
25.982862
15.946472
9.580034
12.095114
6.946501
8.072349
22.412750
-15.033994
-9.759902
-7.407537
6.085561
-29.980835
-33.622375
22.402048
-2.515419
11.019303
-1.262182
33.447243
18.091301
-16.388319
18.121571
-26.571339
8.195079
-5.773375
-4.056097
33.598709
15.019876
28.199635
-45.050056
-19.078878
5.883227
16.032368
11.022944
-23.939930
-18.586164
-19.151131
17.297298
-34.119671
-39.327068
3.710135
4.494606
-34.519485
-25.726240
-29.695553
-33.423618
11.386827
34.954048
33.895706
-17.930916
-50.966927
31.698441
3.817674
20.334623
-2.980361
14.094277
1.164130
-19.483059
-38.790348
36.159023
3.041762
-48.202080
-0.568717
-15.704464
10.338595
-3.556632
29.465935
-5.516881
-7.862301
-31.220787
10.204177
-35.358959
-14.138885
-11.620762
-43.339428
-22.981339
-19.217445
40.357624
1.923918
22.051971
-26.362396
-4.110993
18.291689
27.578154
34.437599
-24.589031
-15.042336
-13.354125
-4.097450
11.081813
-24.428492
-0.879111
25.102936
47.026657
-7.263885
2.901618
22.486660
5.766334
20.800615
5.464679
-18.887188
-5.687688
-6.645478
-18.710808
15.946365
17.062756
37.498497
-12.158070
-2.739107
20.225163
-3.010371
27.116455
28.878281
-8.421288
18.902069
-12.842571
-33.538967
5.037024
26.311176
1.752175
-5.970816
22.921221
-27.519480
-11.516475
-38.898529
-13.824520
8.907310
13.761968
10.503792
-25.496969
4.302664
-18.305080
24.224146
-26.649572
-31.255814
-7.494095
-15.234013
-16.559126
-36.460804
-31.048523
6.749104
-8.083584
22.759094
-26.143543
-24.307995
-28.489120
-4.018876
-31.000895
-25.546618
-13.516910
-2.468579
-34.830940
-4.464898
16.459251
-22.547659
6.668854
28.677570
-25.878035
9.602375
-14.413269
20.388550
22.826263
-20.949152
4.224971
26.842165
23.801008
4.075080
-16.329605
-16.121679
10.969505
-28.678873
16.745888
8.317416
10.128549
4.276096
-20.136932
-31.130344
7.495732
-23.380423
34.365833
34.797562
-24.245018
2.193536
-31.269032
2.054263
23.993765
35.768013
20.923861
34.737885
6.989585
18.674246
23.490871
-10.426270
1.767641
9.687181
19.256208
45.794910
16.792406
12.324953
-22.173798
14.704393
11.568554
33.642540
8.583687
11.717777
15.021089
-12.687032
31.875599
8.836491
-33.550152
-36.133892
13.652669
-40.312473
22.654512
17.666210
16.491806
0.061492
-20.764866
0.261044
22.418455
-46.113270
3.568034
16.216188
9.240425
24.127014
33.350834
-1.535773
10.298118
4.926200
-22.012098
-29.165625
-35.046581
24.115017
12.224317
29.817329
-1.887295
-23.805830
-26.159174
5.730429
0.087247
-13.347471
14.007651
41.137012
7.038052
33.101021
-20.713984
-22.135374
-1.531375
3.360825
22.997618
-2.638271
-2.380053
35.667076
-6.024359
23.106552
14.902603
-18.916555
-22.641390
-31.269886
12.687624
-26.882269
24.058298
35.824257
-7.886109
-11.392718
21.254015
13.116237
-1.573250
6.729407
37.953629
9.223249
-33.271027
25.683355
-25.456299
-32.699665
19.867640
-22.679474
22.641895
-25.712214
-9.413858
4.565602
-28.718346
-20.487387
-33.252312
-27.019625
32.606407
4.482349
5.315464
25.325319
-20.272375
-15.994438
0.128894
28.413534
7.351547
32.910427
31.115849
-20.210001
-7.316590
-13.492289
10.231191
12.577580
-29.626009
-8.084506
9.140301
13.329253
30.213253
-45.557865
-8.652740
34.916225
30.172615
-23.337395
6.454401
10.265280
14.535426
38.049778
30.027058
-39.619507
4.704577
26.543221
-10.910024
-14.309052
8.019321
-25.758379
-4.910321
5.291407
14.909528
-25.377806
12.906479
-20.450521
23.386156
-37.998363
-28.297731
24.512571
26.725157
9.612588
-24.530657
-7.115819
10.256510
-35.752518
-0.718260
5.249293
-22.964182
17.484964
27.625589
-24.846079
13.934510
-34.743195
29.526220
6.626330
-16.371063
20.838907
-0.832008
-6.508354
4.708852
-2.035748
-10.538971
-33.912426
2.158611
9.363584
-17.064459
-8.570575
-25.728697
-16.156693
-11.327799
2.273364
16.652309
-13.731001
-15.746395
-11.895708
-12.070433
5.533960
24.738087
-14.842333
-9.274610
14.321735
0.855414
12.456946
-2.473059
-38.157303
-11.542228
-11.202754
-16.102737
15.759186
4.645261
-9.265110
-4.210339
-0.322312
-10.442150
-13.857755
-1.243988
18.697844
17.258465
11.641936
-7.954817
7.942039
14.359878
-14.934676
4.251281
-5.838738
1.192386
7.379565
35.763618
9.169071
34.063068
-28.745472
-25.236559
-10.740993
29.888014
-7.886402
6.995315
13.173718
-34.572315
-10.001412
11.142403
15.446822
18.008926
-23.329241
26.925875
-15.852998
22.444357
8.709558
30.071064
-6.371460
-19.328312
-15.638421
23.226330
-32.581715
-18.216623
-24.870071
-40.348938
16.469574
1.239626
24.974640
-17.591043
-35.485001
5.586830
33.880615
3.047287
25.904015
11.090685
-13.689857
3.986551
12.522228
-9.020725
-22.500263
-38.538208
16.094194
-5.584635
1.383093
11.723598
-0.250377
-5.815127
5.172333
-14.125167
16.771185
5.625366
9.464057
18.434927
-44.264160
11.647211
20.268566
26.855852
7.352637
12.633685
-29.493757
29.020523
-45.814667
-9.498297
2.049197
5.870720
4.020604
5.324541
4.443497
-2.315634
7.064318
-17.058027
26.807362
-36.872963
-9.516348
21.923809
6.156705
17.075111
29.622730
18.210157
2.315095
-25.883509
5.617527
-43.729588
11.652514
-21.005960
36.870403
24.072449
35.697193
-40.249550
-13.129189
18.210835
31.407623
17.529005
-17.824434
-28.772923
-17.717215
-22.624516
25.038557
30.716869
-11.548628
-2.895970
36.516003
27.128712
8.126402
-47.804218
20.517838
5.120083
-17.674835
-4.425382
32.807526
5.122745
-16.512815
13.061682
3.994808
-21.948549
-12.487513
-24.164284
-11.790430
28.978834
-13.300122
11.051158
-20.724518
12.914378
-26.835154
20.180752
-15.591364
-9.479403
-27.291235
-14.789273
17.959082
15.433818
-4.492913
2.365185
-17.527561
20.849005
34.665276
-30.633066
17.521181
18.152321
29.770607
31.499786
3.691074
7.209992
15.732859
-7.333004
-21.771761
10.206492
-20.171453
-7.007984
-35.723629
-10.857776
-14.330852
-16.807940
13.361595
30.202381
22.427731
8.747556
-1.826622
34.080772
-40.586601
7.780747
3.868354
-23.684393
23.796558
-0.719625
34.894070
22.202562
-12.112090
6.973320
29.674154
27.897594
23.866873
9.505568
26.403780
19.055910
-13.139314
-19.682905
-2.054760
-17.453392
-26.274122
27.691418
-42.717392
-2.251321
-18.672625
-36.901344
2.196756
5.157074
-15.896826
5.661045
14.207319
-32.057545
5.163404
30.518652
-16.821213
-32.572193
-7.445625
-7.944105
25.064465
2.676794
36.649090
22.020714
-9.348854
24.245577
-16.699364
-10.069064
-7.621161
20.898064
-32.614552
10.349651
-28.145683
1.893423
-11.342021
-11.137393
-17.372355
29.056053
-4.446328
-29.935511
0.359376
-11.365952
-29.715059
-31.060989
-47.393726
-23.389910
25.613636
17.535452
9.244274
-38.470314
-2.351825
-3.340811
35.114094
30.337069
40.578079
-28.450827
-19.764534
-15.156659
-25.282219
-7.652156
15.007864
17.035423
-3.853371
0.635111
-4.683684
-32.048149
-6.249502
19.272688
-35.991177
-30.055490
30.000275
38.835197
15.959686
-3.524406
-24.246984
4.238187
28.392353
12.394432
20.637085
-17.765001
5.699996
-27.950991
6.521778
-2.913725
-2.886679
1.460003
38.007355
38.962425
-22.062546
-25.827068
16.360401
3.458344
-6.220531
-2.762059
16.188572
-10.673675
-19.673708
-7.829095
-18.480408
-22.049068
-40.487812
26.204109
20.309429
32.637413
6.139426
-6.441018
-29.862997
5.374194
-29.158968
-3.632176
20.800596
-4.280372
18.073418
-14.988120
-16.995298
-10.319313
-17.736732
-16.366552
-30.146252
43.899242
-12.559195
-16.530231
-18.163437
8.252546
-3.893816
4.561092
31.268667
-22.444574
-14.759575
20.493172
13.817901
23.066462
-42.073044
8.098056
-18.466232
-25.739521
21.764984
-17.021292
35.155487
19.789158
-45.325310
1.331375
-7.752916
2.688560
-21.106604
-8.708624
25.225578
10.628176
-20.249990
-4.112844
21.261307
26.201530
27.914259
8.850867
2.959469
-11.986455
33.374252
-4.979644
39.239410
5.116253
30.572649
36.766201
7.736149
-8.593583
29.094917
17.739557
-24.214687
3.403445
10.887649
12.406847
13.063231
1.056785
-39.147137
11.557014
28.204048
-18.528002
5.790430
25.893509
-1.182535
-0.337835
27.668493
-18.145216
-4.106789
-22.813013
-9.644982
-27.266390
26.545309
2.075947
-28.415215
-13.428679
25.071974
17.147223
7.532874
-36.500870
-3.352890
23.825243
-36.133236
15.696941
10.033156
-2.241674
6.705746
-26.061913
-11.939554
8.576674
23.711956
1.330233
-13.369081
-9.472741
26.567703
26.193428
20.751848
-13.451889
-8.481559
32.121651
3.264180
-31.652216
15.741385
22.198229
18.838598
30.418924
-14.439318
-11.256416
5.140805
-10.030429
-36.419937
35.610065
-18.498648
6.285256
23.382849
-7.197828
-26.569403
5.424452
21.952843
-3.988194
-12.164779
14.273520
13.835055
-11.755458
29.516689
-27.951977
-17.663168
-34.027607
5.642199
-3.501140
16.215748
-30.307692
-2.247301
24.759958
24.784220
-17.814861
28.865725
-5.043080
28.240992
-22.658707
5.419187
-8.503314
-36.481533
7.164421
-0.196199
18.306072
27.692541
32.156055
-15.547374
-26.941620
-5.222807
-19.477440
-1.074481
24.128855
18.321157
17.077789
-37.055550
1.589919
8.046822
-35.820564
3.816118
10.311653
33.434975
24.688385
14.481190
-39.373981
12.707900
7.255140
-7.127851
-14.955536
-30.948048
-0.287177
-14.570576
14.380561
32.288044
-23.300789
-6.056779
-19.456211
10.147481
10.828494
31.622198
5.330152
5.896364
-13.179997
-7.981932
-25.493383
37.866642
-10.946516
18.196476
22.065233
9.357987
-10.968300
-24.648767
16.973293
25.579033
19.482056
-5.524299
-14.940228
-11.409283
27.077557
0.833767
31.348463
-15.429822
19.281733
15.743739
3.158607
27.320326
-17.327343
25.092299
6.000898
42.575596
8.255900
-18.248663
26.669020
-5.882361
21.901926
-30.264894
27.548101
-10.666149
0.278033
0.686564
26.500546
25.155060
23.027117
-5.370092
10.659402
-11.427639
-15.590167
-40.759468
-11.043552
-6.257993
25.011864
22.059267
-8.413280
-32.836624
22.874506
40.683525
-7.748332
-7.688355
-24.706184
14.864552
-19.012892
3.954613
29.951633
-5.978965
-24.699076
-1.025207
17.809473
25.497458
36.619385
-2.624057
19.383127
23.802095
-23.357677
27.563654
25.340647
16.585232
24.849110
17.895412
33.619202
-12.703501
-6.444821
-10.556417
-17.747017
-11.158029
-28.215961
-33.341526
13.016458
-1.430437
-11.745216
-9.532085
-1.340573
-9.679992
8.360625
-38.378029
16.800295
38.093853
34.878643
-11.820992
18.329666
-17.443909
15.639431
-23.391190
20.037300
6.038917
-8.116411
-8.320290
-24.179544
1.190871
-9.695911
-31.651649
7.528255
-44.471294
27.112162
25.105066
-20.958050
-26.831612
-22.054955
-27.671276
10.842251
3.553498
34.412003
-13.799671
-15.482686
-19.041361
-3.812996
-15.416326
-26.080446
0.520239
-22.515736
-2.347396
15.367509
13.880054
4.940506
-37.181847
19.068733
23.665260
17.648777
12.503833
-34.162071
-4.120997
10.293709
6.383196
34.692009
21.138643
-2.421603
10.742583
-24.162594
7.644558
-30.888693
-22.371250
-17.310251
6.338904
21.051104
17.307409
-14.533565
20.644535
10.426217
-38.998699
-1.193759
22.880074
-5.007394
-19.688280
-24.679615
15.678608
-4.089278
46.132252
20.051161
4.098510
-27.433153
-5.077027
-33.676933
13.357924
19.327244
6.956568
-16.643328
37.191231
22.459686
16.416946
13.360209
-15.177545
-31.174885
-13.644994
-20.185808
35.670761
-8.017758
0.208287
-30.070164
18.238008
22.853462
-35.676334
-27.662434
15.106726
-9.559458
22.556011
-21.301535
-12.556581
-33.680641
1.354888
25.870193
-8.226407
-8.249393
4.132335
-9.718454
2.642066
21.528099
20.587248
15.359056
41.077515
-22.026293
-18.145355
-4.693317
30.549475
-0.640723
-0.151156
10.535754
4.183868
19.705528
-28.722370
37.268620
-2.729621
-24.838644
-20.212351
-0.355457
-8.676327
-6.005744
-7.690682
10.384852
-22.906660
-16.530075
17.026545
13.266491
-36.459114
-21.854488
-26.709873
13.667621
-5.571278
-12.536490
-31.434349
-26.487234
-3.056033
-23.541395
5.234010
29.244392
26.723206
-10.319595
-2.037767
4.792030
2.884097
26.835041
25.523508
17.218067
13.153506
-22.296267
3.842481
18.841722
-32.346867
37.710835
-13.272672
26.033104
-17.643764
-25.478994
-35.065121
-2.641315
-23.418806
-29.516693
-6.652783
-22.318512
23.662085
-12.461979
-22.983686
-12.537789
-17.051163
25.984308
-12.754795
-3.753975
25.806002
19.923477
28.913717
-19.717316
42.012428
-23.964054
35.641830
-1.983730
26.307737
20.174519
-22.014084
-22.006037
-8.597339
-22.955965
-15.039135
-13.627061
9.976038
1.452143
-8.735229
-23.035151
37.101006
-3.062958
0.363182
13.749809
10.424062
-26.690739
-10.256943
4.311615
-11.883250
-29.646870
2.842892
-7.780053
-18.066620
21.254566
-22.374586
22.714424
7.980374
-12.532660
31.124113
20.792751
-6.080421
6.864517
-42.589096
-5.500357
2.407664
-35.856144
17.519621
27.850716
-18.965319
-8.641445
-17.869167
-20.703304
28.152040
-21.772520
19.643066
-19.715712
-15.433110
-13.704366
-8.789952
8.524947
38.256016
-42.252323
-15.772438
-29.245222
9.224677
30.311319
-26.602829
5.310036
40.072754
6.626149
6.037367
-5.572431
23.296528
28.219229
-5.647189
-29.650406
-4.652585
2.972751
-16.733805
16.777832
3.219133
-32.380920
-37.898468
18.626495
-22.272562
-6.409320
0.125617
-29.656321
20.448147
-2.121527
-21.739601
8.804124
-38.529896
-41.325119
14.846163
2.526852
13.220803
9.240494
18.279383
9.861195
2.314930
-26.206795
37.687370
-14.625420
25.835867
-23.481413
-31.828188
14.457067
24.338709
18.455734
-10.577296
22.651611
21.840952
-11.489655
-39.084438
-25.122902
-0.348109
10.621743
-25.820799
0.130161
11.241464
-28.580057
-28.197712
-16.768011
-23.573895
27.681837
8.703044
1.955535
-16.221918
-20.936943
27.089174
22.272867
-8.180503
9.399079
6.914131
-3.274771
8.779044
-10.566217
28.673866
8.262148
20.717018
41.136482
-12.934243
15.646236
28.223711
5.269962
15.494226
1.339458
-14.030055
-14.776975
6.715223
-32.367619
-6.972587
-0.294016
-24.113617
33.372383
-43.090866
7.727928
27.571482
23.172251
-15.285678
-9.584006
-13.697909
13.539986
-6.289264
20.433577
7.080511
22.731010
-10.304713
17.026409
31.387465
-23.299702
12.849555
-15.952765
-13.345604
14.581366
-3.627698
-37.129044
43.820271
-0.591782
-9.393780
18.673965
15.902196
-17.836315
-1.922488
-21.648771
-31.945820
14.791297
1.113519
28.551729
-25.413752
-16.325911
-28.825296
-34.781532
-20.532866
-13.402537
-10.826566
-31.513988
-14.152948
-4.545073
4.268870
18.059605
30.085091
8.255475
-17.124914
-5.911870
-4.397743
-10.277854
-16.847342
-19.254398
-19.227200
2.460566
14.835443
-29.061323
-27.510900
1.474755
-22.938728
19.038187
13.193090
-17.217319
41.412346
-39.657520
11.230052
-13.366534
-16.345228
-17.319607
6.175656
4.759086
-36.044643
10.517514
-9.418425
-19.962265
23.796705
12.175447
7.493889
14.761722
-36.932255
4.817229
-15.164311
-1.682159
11.155763
2.493760
-11.650297
-8.555794
-13.665572
-8.822459
-4.283558
11.015342
-0.537438
5.991907
-21.161839
-30.548399
8.069182
-45.879898
-17.543541
-8.379956
-24.295015
-3.548247
-22.720739
5.542494
27.664766
2.715978
10.395949
25.467184
-23.175163
15.158911
-24.466528
8.377524
-29.709734
2.019071
13.155122
-27.871515
-23.968189
16.820675
18.217113
-33.055626
8.713815
-23.972788
15.522219
18.860010
-8.449924
14.463434
35.177013
-4.231174
-25.281288
-8.763499
-6.829275
-0.117774
11.757395
-3.332254
27.456156
5.221961
-12.197861
2.835239
-23.336996
-25.681395
26.499212
-12.246027
19.019325
7.383174
-25.696712
-29.962942
9.218650
20.443718
16.230797
-27.318277
25.942558
-7.796422
35.549019
16.310238
-8.442704
-5.468355
18.110106
-25.810177
7.216136
-31.034019
-0.219532
39.440823
-28.355553
25.065851
22.495590
32.066936
-16.855120
14.722298
33.945908
26.745592
8.701363
41.631844
25.528002
-4.532952
-41.645382
-16.039764
-28.367104
24.755531
10.933125
-33.638824
-6.483428
-11.668427
-47.303394
-34.109615
6.591774
12.887692
2.302183
-19.777163
-7.129415
-6.851651
10.662519
18.964174
-44.512524
-6.120633
26.704874
19.505777
-20.371784
-22.230949
-13.298509
22.090374
14.856642
-25.656342
-19.910248
-26.987568
-1.703801
-10.482368
39.062805
17.920918
19.410692
-8.615377
19.799311
-8.407864
2.912165
29.770428
30.856260
18.419914
26.593620
20.911886
21.932535
-0.561917
0.093367
-7.672955
-30.217773
11.555696
-25.471376
-27.225721
25.315687
-25.567923
24.991360
-2.462672
3.648627
19.543919
40.094631
-0.903307
28.868004
-42.001877
7.251573
18.810249
16.153549
8.798343
-34.856754
8.703139
-16.271435
21.172548
6.469646
-19.520170
11.376794
-33.708481
-31.909319
12.881938
-20.184734
33.507652
-0.538386
0.816503
-33.629658
-22.203653
18.188332
-7.308107
-10.605590
-11.548724
20.674461
-12.704057
10.527655
-2.849723
-3.503397
-29.032032
24.056795
0.241130
-14.867887
17.816162
-16.624475
15.050967
25.063219
-14.074873
22.136190
-29.139519
-32.416252
38.733597
-17.760048
-26.454693
8.316149
-21.661640
7.557170
37.619320
8.688354
-17.188362
17.445299
-9.321415
21.637480
-35.977116
23.511869
-7.729174
1.910639
10.712614
20.329578
