64.906837
38.882782
-32.201134
86.890930
-75.735703
35.203442
92.740417
-67.790871
11.205300
25.375280
-84.613823
-6.285794
84.776291
-3.318372
0.262827
52.431778
-89.273376
-51.919010
2.656826
-85.137970
-90.486160
72.066238
77.538322
-49.421535
77.560143
-81.430908
-3.034912
17.546097
7.537573
-53.131844
-44.326740
92.450317
-78.514175
-10.288717
-45.944389
-84.519798
44.036465
-57.083542
34.160980
31.958948
-87.716499
16.073231
-36.239605
-23.139908
81.931915
-21.379759
-9.123782
-45.324383
-73.421272
44.753723
26.193533
8.398824
-91.724533
-74.522438
71.484795
74.759430
-10.591591
-34.993580
-82.735085
-94.398628
58.717766
66.163979
-21.157576
38.333382
-29.112034
57.273014
-42.415413
-17.972668
65.690933
64.606277
39.022408
82.411118
78.474846
-58.248737
22.735754
-72.102539
85.953636
48.226803
8.359836
-61.310425
-55.771061
82.879517
-91.892906
-40.512814
-57.517693
-67.295769
63.537285
67.054604
26.923971
7.383865
12.738316
43.586407
-5.288006
-73.107635
73.952644
-25.829624
64.538177
74.473885
-24.013727
-89.308876
83.824974
65.319267
10.066060
-52.097851
-55.092018
52.730145
-99.083641
-32.357864
67.346283
-11.646854
-60.220406
36.559563
-7.999841
76.324135
1.009296
-35.428394
76.259575
-74.837135
-52.048195
-41.634102
7.581324
-82.248810
-93.717354
86.970879
78.091866
-33.092579
72.318710
-79.385429
21.733919
-63.420532
51.042320
-42.977215
22.990208
15.569439
-42.653748
-86.564178
8.371233
20.598133
82.070496
-47.435295
-68.445053
-65.317863
6.248475
76.258018
56.053738
15.927249
7.525369
94.175102
-40.505520
-22.416275
12.996812
94.795753
-79.038986
-22.857269
-48.522484
-71.373116
59.730042
-57.655212
63.138607
68.436852
17.937338
14.907105
-83.227867
79.061790
80.668030
-92.614563
69.426857
-11.901984
63.743118
-60.562607
-58.942936
6.420348
-16.090782
-18.608355
-43.506264
85.513832
6.142699
-55.841335
60.750988
-89.795334
-21.290508
84.898178
-94.571121
-83.029930
-41.755619
-10.312406
-0.197000
-76.067871
-28.592501
-32.164158
12.547231
-86.713188
-12.426605
45.979515
81.771873
72.779350
-35.310581
-4.290426
49.840729
32.706215
-58.158340
-3.909718
10.696578
44.378368
-49.222710
-65.353111
-88.099022
-26.682608
-10.032471
60.766312
6.922105
-86.173157
-77.718834
52.166454
-60.231339
-68.942039
12.323134
-68.589973
30.757544
-16.373951
-14.467831
-66.099205
41.246277
-89.810410
-26.936033
-32.087696
29.590706
31.370483
-17.361319
-73.909599
-44.555454
5.929322
35.080208
-33.825214
30.374395
-59.875462
-45.618340
26.755684
-60.934010
35.501476
38.950161
-23.556772
0.732253
82.299042
62.274933
44.768185
-42.814617
50.648731
64.601501
-67.521652
-16.932573
13.695249
-19.173306
-74.233864
73.786118
97.925911
15.814605
-85.288513
38.812462
28.971851
-43.693645
-13.498024
62.290352
2.974499
-92.058083
6.687030
-26.069622
40.682228
77.101448
-49.327099
-69.850471
57.315273
-14.924667
88.049416
55.888653
83.863091
-58.130894
69.734039
31.135307
8.903628
17.009995
31.932848
58.349396
26.328030
-41.837490
23.631546
23.812916
9.994648
44.305435
-15.242193
77.588417
-6.038065
3.786707
-47.551662
43.188950
-29.323528
87.412109
49.296715
-92.996124
57.315979
30.902721
5.548249
19.351233
-24.894100
-77.184135
-72.226646
82.869370
85.152405
43.933552
-9.970423
20.616402
100.969124
56.240524
7.226039
56.768879
87.926285
50.635578
5.352050
-33.500366
7.628644
-38.035843
51.771904
-68.926193
-3.579094
-77.895599
-45.684364
-63.382965
98.098663
102.532509
-68.207611
86.445633
-3.279115
-25.682316
8.585849
-1.641325
50.596218
-71.351669
-33.059353
-82.543480
66.422607
65.558624
-42.988865
-56.718681
27.979246
-70.358040
31.514269
-18.401110
78.844177
-71.439316
31.367775
-0.932437
-34.327236
83.702919
-15.196519
6.330838
-86.318459
-82.214783
20.842493
-84.910339
-54.926933
-17.096985
60.172417
41.616344
-51.755081
-56.350964
72.466415
-96.417862
73.036171
-67.149010
-24.162540
-27.559198
-7.833767
59.315441
21.431362
12.286624
-13.229377
-5.679838
-43.908527
-21.358213
51.519306
-83.628662
49.330608
-44.423866
47.674595
15.338036
7.854249
-40.508080
-61.867573
54.590210
25.586605
-48.012283
-20.642590
55.509716
-11.341592
-33.098694
48.067265
36.536709
17.827549
73.336578
-63.364319
-86.573151
9.208220
-75.346832
-32.889072
89.618958
-19.040411
-58.414776
-72.095306
8.064932
36.537464
57.736855
76.994560
-65.109200
-89.869225
8.882254
53.690907
-2.763182
-88.868530
80.340408
-89.310059
-1.531759
2.413338
-31.941486
46.419094
-75.764549
-16.888882
73.069374
-90.132881
-45.724586
-68.695351
-88.925522
-72.665085
-20.952732
53.806446
-22.516199
-80.756180
37.794914
26.318840
-0.404673
-65.442291
70.301331
-52.259865
80.361191
-104.580437
35.052341
68.797203
-2.273208
-67.857666
81.371460
-35.278404
-31.917753
19.615633
88.972343
21.253063
-74.788101
-55.834255
-72.435310
-70.322441
44.060139
82.276855
69.865822
-74.744637
-66.484238
-88.685493
-74.588821
22.272247
47.232059
36.300449
-39.906849
-83.573097
72.094887
-34.764713
1.599914
-73.988785
-80.016068
60.235729
3.137357
-20.873541
51.470684
-23.053389
-94.664398
89.291565
-87.161774
53.288059
14.672846
65.675308
18.292234
84.190636
-99.658363
65.608109
-10.238148
-28.995750
61.508247
79.225433
-13.161230
-41.482212
62.229717
-44.751129
6.712669
45.568062
-74.911156
73.600494
-24.717640
29.577452
-56.274185
85.396416
56.933403
-102.662750
36.782078
84.983658
-41.798298
45.793404
37.616955
33.234474
-14.745847
77.237511
-75.550896
-76.583405
1.876682
1.797976
5.387150
-30.265741
65.590469
34.523346
-1.227813
62.908051
-3.811498
49.140274
5.409626
-38.490932
75.214554
-6.229048
-64.089775
-45.207058
63.570900
-64.325607
2.334103
-21.065701
-12.016533
-21.765390
-93.927567
51.038971
-24.577000
-87.373108
-75.891151
-9.781343
52.413395
56.260136
35.498726
-37.107224
-75.719475
-43.000931
-28.822405
-78.716927
-69.030991
24.426306
92.166664
82.156105
28.271400
-0.866977
-29.605009
-84.181915
-80.201187
97.300316
-7.661806
-12.657335
-5.184643
-98.995750
-67.835648
-88.583412
-48.688755
94.443031
39.000679
-24.634743
65.910187
-74.618729
-17.851873
-45.508163
-67.014786
-83.879028
56.025723
-47.558674
18.986908
1.610159
-75.586052
-60.436897
-49.310368
-24.902905
44.794857
-34.128517
89.752747
-71.585449
-79.927086
54.431217
-77.007217
72.528992
47.500431
12.333599
-0.983866
29.609154
-57.634964
59.426521
13.602298
0.060343
-22.743786
49.859196
8.738137
-58.213993
-41.485699
-60.882160
-60.758144
-101.475685
-46.846264
84.585480
12.425813
-51.512341
54.016937
28.110979
20.554956
37.009022
73.023491
-34.085384
44.620808
-84.075974
43.337688
-4.842986
86.075050
-37.399292
-86.019569
56.084435
-41.872437
-70.475082
32.084465
41.420567
-94.072571
-42.149517
24.164898
-0.308613
45.271263
24.459215
80.998497
27.587809
-66.899239
72.190193
93.996788
90.650238
51.099377
-5.906700
38.306229
-35.850437
-21.035606
-51.968506
-36.388855
56.628994
64.545311
-78.155609
-67.511902
-80.268501
-74.462784
-76.094345
57.326244
4.418526
-33.744606
-60.352646
-94.281227
-71.344681
-28.306507
-65.614967
-83.509926
16.870634
-21.048090
-53.526257
-30.407349
-51.288414
66.403214
51.195694
-30.438427
-37.750160
-69.402214
-105.077141
25.228529
-57.641182
14.654402
-95.684174
-60.840515
-33.315090
57.870117
-34.780785
70.941246
34.738914
-58.465931
-46.635742
-40.249580
-47.737988
90.370682
37.537666
34.909916
-47.478592
-72.439606
-5.769217
-58.274147
28.172358
30.343529
-74.711487
