-195.151962
-92.219925
-139.583801
-173.285095
-133.885193
-187.845917
-213.103500
-94.199615
-216.676590
-96.566681
-199.740219
-153.675735
-200.319504
-130.529922
-167.629562
-78.033928
-114.077309
-136.452026
-142.340103
-78.373482
-111.117058
-90.127495
-148.899704
-213.521790
-119.888718
-166.972733
-215.442352
-83.078957
-186.110153
-138.974213
-219.215683
-134.806702
-192.386200
-122.292397
-152.531845
-161.271545
-95.699554
-190.928162
-102.317238
-106.140640
-118.908226
-93.707260
-183.689972
-107.664253
-81.076599
-84.217926
-157.862701
-143.350571
-122.091118
-144.910706
-89.265221
-94.820541
-87.940056
-84.472832
-91.585854
-122.150925
-135.523117
-121.982941
-83.143349
-87.299271
-117.146416
-184.827271
-92.261909
-109.848625
