-42.803066
-24.645035
-42.304993
-24.144909
-43.563148
-28.239359
-38.345608
-24.950075
-28.409662
-49.714828
-29.501051
-38.734207
-55.529911
-32.858170
-35.257504
-41.069660
-89.730354
-44.911461
-40.885620
-28.937855
-56.418270
-34.357292
-45.050243
-35.785343
-53.406815
-37.708885
-27.400761
-48.082829
-69.532448
-49.785904
-40.883980
-54.999424
-52.863224
-42.370659
-39.086308
-43.154434
-49.612057
-40.109470
-43.139545
-44.748032
-61.039352
-31.240711
-45.493332
-49.724010
-55.820820
-29.818951
-59.913124
-40.168144
-42.069077
-35.755424
-33.069157
-30.987995
-49.379719
-43.823959
-40.372673
-40.650753
-31.810574
-55.324432
-68.280281
-41.462112
-49.716324
-46.232170
-49.010548
-28.367496
