-117.580025
-111.639908
-61.322544
-73.292953
-102.706497
-84.401161
-76.565681
-134.209381
-125.257469
-103.987473
-77.410454
-169.998535
-177.438721
-76.006828
-105.336960
-113.365150
-177.831848
-129.942078
-163.814194
-69.028893
-86.872818
-82.577293
-114.726540
-106.105049
-167.440796
-72.777008
-76.265923
-180.288300
-107.882851
-77.375870
-112.639618
-71.412689
-221.225510
-91.711006
-160.606323
-73.267784
-134.041336
-173.147339
-98.893639
-129.315140
-107.400826
-122.935753
-140.118820
-179.771469
-94.954323
-109.537392
-112.513107
-123.020798
-133.798523
-123.073746
-117.210442
-145.551529
-149.161606
-162.091553
-162.723648
-88.009827
-134.184830
-151.927582
-166.760086
-125.856354
-120.044792
-127.183372
-141.013947
-140.141281
-179.729874
-217.889999
-100.960083
-131.163559
-93.703339
-146.443405
-160.879288
-114.016785
-70.855797
-181.423401
-110.900620
-101.587273
-116.189438
-131.445114
-109.724159
-167.942673
-64.284348
-98.597862
-143.921143
-97.946304
-131.841614
-122.315407
-141.725677
-96.240723
-84.668221
-88.417030
-82.485855
-147.005051
-110.932701
-81.988495
-137.855240
-149.863464
-182.821640
-99.208038
-185.793488
-111.266327
-129.069275
-108.764687
-119.771713
-162.764191
-194.701660
-194.935242
-82.100327
-95.153877
-125.456604
-94.475372
-83.680077
-113.953735
-105.470451
-171.660004
-147.670059
-85.659187
-149.241776
-95.222801
-208.864197
-166.150269
-96.420029
-177.169281
-105.607895
-82.092949
-101.227341
-126.952484
-126.715073
-118.753098
