20.820127
-12.332883
-5.061303
4.109579
25.097588
-7.116312
29.566139
22.878746
-0.578288
17.442875
-5.283763
26.610086
-31.045324
-26.340685
4.337789
-12.318150
24.780548
-1.794004
27.410259
2.647266
-2.169503
6.331145
-22.376451
19.336800
1.749476
27.872543
4.124982
29.051889
16.492413
9.801828
-14.327868
-11.532478
18.808832
19.375002
16.902916
-3.134407
-7.439789
-25.386482
-10.768124
-3.915705
-5.706694
-10.249260
27.213598
-0.225297
6.368100
10.911766
15.959739
24.910078
25.506756
-8.411301
5.948371
-12.792633
-10.387330
-4.726286
14.889338
-5.627268
25.653749
17.739326
14.530085
-9.886705
22.538893
30.552094
-19.590061
23.221333
20.227478
-17.564919
-3.829680
-28.113434
-7.003263
19.902983
-6.518701
23.742992
-0.785669
13.712254
-26.685808
-6.302285
25.539511
-0.599321
21.031881
-13.245384
-13.676820
5.113918
14.697206
-4.572242
18.223223
0.602232
-16.086576
11.310036
4.473433
19.829201
9.449310
-24.218586
11.045074
1.601631
-14.380582
28.237309
-9.419739
-2.410901
0.311349
5.162169
25.153107
7.372692
-21.265005
3.382839
-2.090320
4.336267
-16.819990
-24.883688
-29.944077
-21.729836
-19.726139
12.498070
26.088778
27.312218
-26.702349
21.296509
-9.311217
-14.281146
-19.420570
21.517326
-28.023516
-20.703777
-20.636414
27.050858
13.672416
5.766120
-21.628365
-29.955854
26.871531
-25.378498
-28.292706
-15.572411
-0.564374
25.210186
10.072391
-9.883833
-19.392075
3.886297
-10.650635
18.441181
3.553089
-12.579017
-24.109831
7.303600
14.388328
24.814783
-7.585125
8.877165
-19.332342
21.349812
-29.805559
5.954486
3.887757
3.082875
-25.151569
-13.817227
-22.700430
9.893321
1.652919
-15.810436
-9.834191
26.157078
21.994795
-19.045509
-3.209538
9.491821
17.416393
23.370550
16.568743
14.133929
-19.756466
-17.633043
32.594448
12.105797
-8.682152
7.470600
-7.712595
29.683481
-12.946852
-20.933632
-14.254130
8.703369
26.900715
-24.409981
10.436062
13.011297
-4.969092
9.190239
-4.205437
-11.250864
9.022457
14.090578
20.430506
8.144225
27.767128
17.381939
-5.859446
18.701456
27.543192
23.043251
20.259550
9.026548
13.660384
9.104709
-17.035759
-18.856503
-18.887356
-11.038124
-4.700960
26.154909
-23.437181
26.857084
22.729149
-24.290222
3.700396
-1.222407
17.624599
1.836828
-18.214436
-20.259462
9.850391
-16.979326
2.855184
-26.813358
