-174.678802
-60.250317
-202.320923
-211.871475
-228.400650
-265.213043
-307.091156
-198.797684
-70.618118
-205.204132
-96.838135
-141.089554
-346.543610
-56.481621
-295.377960
-235.129333
-219.805969
-225.493454
-249.945801
-253.459534
-274.631683
-167.729462
-209.401077
-671.811768
-174.465805
-204.673447
-128.615555
-114.057465
-242.313873
-195.622681
-231.104706
-156.451843
-310.945282
-285.997223
-211.552658
-216.761154
-147.713928
-215.485275
-679.759521
-228.859436
-157.601044
-169.474121
-160.724884
-170.085464
-107.032288
-190.909302
-207.897614
-191.174545
-210.552200
-96.183640
-214.885315
-148.743912
-41.130154
-203.150604
-221.133560
-317.386444
-197.532043
-164.500031
-188.479355
-191.502151
-363.717041
-202.521378
-251.622162
-212.726318
