227.562073
-370.487579
380.235504
-179.027618
-42.283905
245.120361
616.670227
321.956268
-138.138611
44.714611
349.738922
240.037979
108.464050
-369.316010
145.817719
-25.680750
63.550705
-136.669800
510.449432
129.821152
-235.066544
11.083259
145.182083
-75.604797
227.572327
172.080246
-341.619507
239.342041
-313.951813
145.792236
-206.549515
-107.195267
207.069275
204.319504
-260.313477
123.445343
75.594986
183.155624
480.940002
84.535774
97.426788
518.237915
-216.329575
-273.377869
-221.706375
79.480247
150.588531
200.084900
4.875979
-330.599426
-125.467300
-161.535583
533.338928
-131.678070
-114.087219
90.620972
-64.728310
109.977158
119.375313
-75.075493
-14.249849
564.522705
116.482681
-183.548859
244.969177
-242.128250
208.619629
90.365829
362.820892
-270.748627
-321.302002
-444.206360
535.185364
605.750427
-455.606659
-166.132034
-115.477257
335.575500
-23.790464
-105.404724
172.770294
251.645935
-299.144501
86.620689
-463.892334
24.601784
312.566010
398.084076
-24.183943
-129.800156
-215.995468
-285.154510
-179.790970
34.785797
238.909912
84.859642
-291.535492
274.242767
61.336590
91.609398
217.011108
186.097839
-100.283905
345.113983
199.624039
-339.450500
129.483612
226.295990
419.261841
74.001465
-101.530426
268.154541
96.923599
-226.218719
220.873184
76.669708
-532.291565
234.746384
182.006104
-257.235687
229.810425
-93.851524
-28.014051
178.774399
-279.538910
-661.126587
-265.693695
-29.106024
-59.432606
356.180573
-148.028183
222.108475
258.925598
-88.362495
494.140869
28.832455
-557.790710
-467.804108
-174.244949
-148.839355
-127.301903
597.661316
-273.852905
-85.219170
-7.286815
297.659119
-161.559921
-245.134338
79.584724
-65.414497
-147.389908
-408.200378
282.671021
565.987366
73.264397
261.401794
280.414001
26.181814
448.527710
-168.952286
228.441055
-306.031525
245.922272
8.557589
-145.414032
-133.793747
-492.617950
-254.634216
-121.979523
-297.571228
99.901627
171.494156
318.243286
174.127548
-151.558319
178.094009
96.431915
347.105896
107.837929
-216.508286
-392.129425
-301.636444
-27.685648
-149.707565
96.442482
-147.189209
309.634308
226.393280
387.560760
-481.150024
303.028137
328.606323
-307.487915
424.428589
469.038239
-229.241058
-539.169067
198.340347
-725.109985
378.436554
40.234100
-636.539490
177.744812
-296.034973
-625.432861
-120.859512
-169.686646
-172.416824
101.159912
-145.264618
458.083344
-531.905701
100.046158
-110.709404
-13.434587
338.050537
-262.205475
-549.992676
52.079906
-636.948914
37.609039
248.629822
120.085411
-128.033493
-385.683716
-208.279327
253.637146
37.215649
-6.756966
-212.527985
-563.232117
-125.135201
-227.280258
334.337250
-222.468948
107.721199
207.879715
241.959213
271.272827
-111.543755
49.694031
467.864716
32.509377
-164.615433
28.581625
-220.376892
-258.153595
-338.785400
431.808929
-113.724556
-394.806152
310.360901
187.421127
42.638763
-754.909180
-165.040451
-307.615295
2.516063
-578.429810
208.336792
-74.080460
-332.527130
97.774147
-263.952667
-136.319580
354.771698
349.338867
-35.018440
113.591240
-243.125748
-234.664032
-174.079163
67.987366
196.647125
-153.838562
-107.137688
-157.930557
-113.812782
81.321846
-111.369949
-93.035690
285.857239
-173.096863
-174.302979
385.475311
122.253845
-693.333313
-82.421844
-219.832428
-461.956268
-2.486598
44.214077
-297.102325
249.289032
164.086334
-587.742126
-514.020630
-505.577332
-176.350693
147.818039
-242.398315
63.277988
215.688553
-32.550961
-51.756401
279.895905
79.765511
-230.235672
222.575729
-273.682861
-143.739441
-7.839802
150.142014
-160.526443
28.171717
-90.266312
149.083572
216.078888
-141.069916
314.300629
-209.199615
-340.097351
524.169067
251.508286
-474.077942
-239.565369
-398.994507
-640.005127
-360.898834
775.467590
418.763214
-69.639709
-24.396133
218.585007
-55.702610
86.172920
97.821045
-156.420532
-359.806122
-86.694847
-15.778056
-126.777489
-15.654865
-634.055298
-324.077698
-315.353607
121.555992
403.443268
125.884819
-220.882645
16.473454
88.188728
38.087563
-427.796326
74.320976
32.219330
290.633026
3.944190
314.874542
-84.176758
143.268646
-243.488510
74.127579
-186.808258
-442.055542
54.305553
17.978329
-53.315353
166.443832
-118.813004
22.217934
198.746719
580.384766
69.721802
-193.043701
70.771385
-95.585648
78.127365
-213.245270
103.240936
-164.983002
-282.902130
201.983032
-62.334328
47.560543
-50.416489
-397.494293
78.009048
597.458435
-30.059620
320.807251
196.630554
350.227600
-284.494568
-254.712082
88.057426
63.620647
-86.833481
44.666500
-19.668081
0.053034
189.743484
519.202026
231.427109
153.032394
-70.525963
124.625595
686.498535
-184.609451
486.213165
151.743576
538.190674
135.424896
130.776016
30.653568
-107.385330
-105.272148
360.939240
132.892609
156.308380
270.418213
210.594467
-42.035229
472.182007
19.913340
146.476471
-135.336182
249.938019
-128.759125
-210.151779
74.955040
21.955324
130.347595
-16.039139
163.220337
110.107979
-193.801773
159.163589
72.919388
3.528732
-290.798950
-96.469093
-209.585693
-177.101837
315.540588
163.191666
73.064369
244.877655
