-134.899048
-197.884445
-203.289536
-173.694443
-158.422638
-141.343338
-250.636200
-189.776016
-216.653320
-211.249252
-147.439713
-248.970078
-185.724014
-257.593506
-150.565643
-117.795059
-197.729141
-190.151138
-140.113388
-177.129532
-187.631195
-201.905319
-172.037979
-131.224915
-241.827240
-307.861572
-136.011993
-180.631912
-157.827698
-171.373306
-201.938629
-287.248657
-179.542633
-224.572144
-162.652313
-237.775604
-175.328232
-231.521347
-163.010468
-141.191498
-139.132889
-134.333008
-204.264679
-132.517380
-174.984009
-170.084488
-203.003220
-178.404465
-198.793915
-210.427963
-134.140442
-168.882782
-148.197479
-162.948746
-237.244461
-160.327026
-232.063431
-181.772736
-128.228104
-273.323486
-135.090042
-166.916367
-263.035919
-127.641022
-154.902466
-155.582138
-224.395355
-244.346222
-222.480103
-167.886597
-125.000137
-201.598907
-219.876755
-174.113373
-265.767944
-150.182327
-256.336578
-229.414688
-173.004486
-200.773087
-231.686066
-193.387970
-225.239105
-248.483673
-128.991592
-206.183640
-225.257690
-149.207764
-217.310089
-170.098648
-206.945023
-191.155304
-242.473038
-131.471359
-246.060318
-128.781082
-139.376007
-151.046173
-166.313721
-151.466370
-164.528885
-137.005798
-127.853470
-152.980621
-218.667282
-202.459946
-156.314011
-274.713013
-146.577316
-151.120422
-138.783463
-179.198776
-192.297180
-194.881577
-181.410202
-157.879257
-209.808777
-160.866074
-222.642197
-192.720947
-126.121506
-171.497482
-156.705261
-147.376785
-255.571732
-167.501282
-145.357101
-233.015320
