-263.102417
-152.566650
-277.041718
-132.824844
-299.833008
-325.299438
-201.198334
-153.752716
-150.704407
-301.407562
-159.266388
-306.673431
-154.426346
-193.664505
-172.524185
-298.723816
-171.541473
-169.647018
-161.604828
-156.714783
-246.326309
-205.176163
-149.949203
-317.405853
-169.672607
-194.756241
-307.518860
-155.440689
-250.696777
-156.781494
-210.145721
-166.740936
-307.339661
-261.958160
-151.180756
-175.528290
-257.001495
-151.582214
-164.167999
-261.554840
-199.467514
-173.763901
-182.230255
-206.883560
-217.479584
-207.603683
-189.751846
-167.287140
-167.833618
-104.990089
-265.576172
-162.895859
-167.309753
-314.655426
-170.055923
-275.663116
-307.359314
-293.529053
-202.001526
-192.607193
-146.700104
-177.147354
-265.371033
-208.585739
