-32.788605
-14.731995
6.046764
-13.095022
32.250237
40.301411
-10.633960
20.531536
-49.786884
35.230328
-34.800198
48.444065
-4.156756
48.333557
11.213119
60.024101
-63.942554
45.325001
-16.924988
7.803740
10.238111
5.355529
-46.443012
-8.507400
-18.660521
-7.168035
-11.960325
48.835243
41.780422
-2.119725
14.054874
5.949110
5.565782
-34.532585
-29.101988
27.067102
-45.073986
-16.084284
23.665920
21.426479
-46.696209
-20.839180
8.419287
15.007978
-35.625992
-27.806225
-2.665607
13.232489
38.601250
13.858689
48.929211
58.394768
-28.538918
20.923223
-49.177464
49.460712
-12.769475
18.254257
15.590034
3.684216
45.414234
2.419892
28.952122
28.965723
38.975807
18.660074
-53.342392
-16.085680
41.145557
-23.051449
-5.957733
33.058479
-32.406937
-21.729336
-9.722161
-30.564310
-7.279289
-11.883150
11.683585
15.292716
44.253574
52.215912
20.802719
50.095181
-11.253422
-40.112015
-36.553253
39.890484
-20.299013
-6.225862
-40.931519
-35.480839
-41.763863
-35.938786
19.888243
77.152313
-5.129162
-8.529632
28.066532
-19.607052
-46.126217
-44.814152
-52.170776
-10.791573
42.343857
37.765030
9.350416
-26.502441
-2.594162
26.600803
40.241920
18.278696
5.848259
-24.965933
39.274864
47.672729
12.612229
-15.594543
19.861786
-44.433601
35.150311
-11.100561
8.228415
-32.718712
-1.984110
51.210571
48.040993
-14.063032
31.351311
50.444489
44.914104
-8.087213
-37.089931
23.196726
-44.440258
19.818317
-60.796753
28.583298
39.417484
54.515686
-33.060860
72.173897
-28.745934
11.294244
-21.968622
38.339798
-22.901415
32.257999
-17.939802
-0.532119
-47.244793
58.742424
-56.226276
56.109161
7.497794
-38.394070
10.767856
32.395512
11.203908
32.306316
-17.691999
-21.620369
-44.574280
7.855470
-45.399193
18.916500
20.935381
13.054347
42.894325
33.954842
-35.140152
9.004058
56.398312
-24.492657
31.290186
28.335911
23.041512
40.137886
-60.181076
46.010944
13.022271
50.001900
-42.276783
-28.357422
32.323902
-17.565292
29.023293
4.566357
46.925335
-37.037128
7.426595
-13.025352
15.146422
28.775206
26.066259
-42.404758
-42.848488
9.920022
-17.178345
32.487476
-27.353888
18.580181
-45.965698
-28.838230
-14.426109
-27.561882
14.822370
24.125753
35.388996
39.623573
-3.592194
54.961048
-12.451061
-18.506315
-50.723301
-21.141106
-2.573981
37.425957
4.290741
-26.033409
34.942814
13.186102
13.140542
-8.444915
4.526653
36.043839
-2.035622
53.349915
-42.103619
24.360315
6.672920
-35.413219
-50.149464
15.617366
-0.670018
11.335771
20.033508
31.054630
-23.863361
53.928093
-22.815742
-15.813994
-21.883642
-8.198670
-55.703716
43.400528
28.286520
-1.721671
16.206564
47.296379
46.308235
4.948759
-38.980656
3.116080
16.447271
0.963779
