-140.570129
-225.105423
-211.732010
-156.611771
-158.958969
-164.236710
-163.103882
-238.264801
-103.885475
-207.892548
-222.014511
-131.558441
-170.377747
-212.691086
-141.774323
-179.881882
-212.968170
-240.626389
-149.398697
-172.086838
-191.683014
-207.301514
-201.664597
-125.334854
-165.555634
-160.421082
-170.865616
-126.922737
-197.961777
-206.148529
-176.312958
-212.567017
-237.806366
-129.886108
-158.710205
-144.726685
-261.309052
-162.788101
-233.381577
-199.247025
-189.959778
-191.557373
-164.861389
-106.987869
-234.078979
-206.748001
-178.650024
-224.035583
-157.512344
-182.526352
-132.939377
-241.314575
-293.583679
-187.336517
-175.365372
-192.976883
-306.453430
-250.876282
-181.099152
-127.184601
-206.349609
-131.667969
-209.618927
-153.157181
-184.997665
-178.507416
-146.609772
-228.254181
-181.987091
-163.336121
-213.277283
-198.927902
-194.283600
-206.391418
-154.063370
-168.745621
-198.758026
-168.809219
-160.690063
-134.202591
-112.873680
-229.033386
-153.037888
-215.865448
-150.471817
-168.362869
-166.380081
-213.411606
-178.523468
-178.569412
-199.379303
-139.231033
-190.908844
-111.981148
-294.639435
-209.629089
-202.879211
-238.467056
-222.171799
-180.229553
-108.351768
-161.385590
-104.623322
-182.442917
-151.838089
-197.904144
-217.318695
-156.379807
-143.506821
-155.202927
-150.297958
-161.243530
-221.133774
-157.924240
-202.761520
-172.140060
-157.651688
-99.641853
-182.223862
-186.373993
-205.029572
-180.716217
-199.531342
-246.148193
-175.673843
-167.386093
-176.945496
-155.750946
