-237.755127
-179.118011
-231.374039
-200.228043
-198.272995
-171.485382
-192.100937
-125.587967
-236.334488
-140.085770
-163.776077
-177.853561
-236.898346
-183.405319
-168.061401
-154.971268
-155.772446
-138.480881
-174.024765
-224.959991
-184.507843
-237.556305
-145.638443
-149.285126
-204.451385
-125.467117
-166.301620
-200.666397
-200.769363
-202.963531
-168.409012
-167.254578
-138.458694
-169.280930
-209.322311
-129.869461
-138.354218
-140.535934
-134.903976
-197.045624
-220.828979
-180.485001
-169.706329
-277.006775
-185.525970
-228.696228
-186.299973
-186.781296
-163.918198
-169.911743
-216.799728
-179.921310
-184.986572
-175.950333
-179.827499
-190.414429
-132.624893
-210.197800
-248.829926
-177.537308
-133.811554
-186.060150
-197.164932
-172.803558
-176.205170
-193.104004
-192.444916
-199.472229
-196.438538
-248.610413
-211.783661
-183.930725
-185.979752
-168.411926
-180.720901
-201.575577
-203.680222
-191.982071
-188.325500
-170.531845
-175.707794
-158.772690
-178.408447
-266.572449
-144.855637
-208.818726
-151.021759
-180.782379
-142.922699
-145.620239
-147.510025
-211.789154
-139.393372
-127.038574
-144.684998
-163.985550
-127.832092
-224.872589
-135.524246
-174.004364
-172.363541
-165.365814
-156.340744
-152.235565
-192.870056
-137.341888
-144.176147
-249.412247
-204.271866
-205.772491
-248.252060
-158.373108
-208.040939
-228.161270
-148.527145
-204.842453
-213.831146
-183.211548
-202.390915
-165.782700
-152.144028
-166.352036
-174.158264
-176.114365
-145.204910
-169.529907
-179.380692
-150.090622
-168.668564
-149.008759
-209.142120
-142.344666
-147.717865
-200.660416
-129.515991
-150.333481
-189.537720
-198.634705
-142.361786
-208.708221
-220.428467
-170.829010
-182.970749
-125.241730
-253.048035
-191.206024
-149.097260
-152.279465
-135.201752
-186.650528
-235.085815
-188.876404
-148.163269
-184.931961
-139.769730
-182.139648
-206.151367
-150.096985
-185.648117
-178.519226
-171.445145
-223.421082
-193.525070
-212.587753
-142.447968
-176.635147
-167.227478
-214.360443
-156.004944
-192.370651
-136.631729
-109.559708
-222.237793
-173.059082
-189.751175
-147.018555
-227.761398
-191.367249
-204.271744
-142.387039
-245.162949
-207.207535
-219.806778
-191.324234
-148.110794
-208.883728
-149.462921
-153.926025
-173.295654
-173.703125
-208.112564
-157.323502
