0.295870
0.919683
3.505239
-16.213844
-20.563158
-35.564564
-2.029335
-12.145683
-14.889723
-8.789739
-10.314714
-3.514790
-12.402960
-3.313173
-9.901808
-9.774861
-11.389882
-5.558833
1.449753
-9.575360
-1.112772
-3.292870
-2.505963
-2.334741
-8.817742
-8.877448
-4.670449
-7.055247
-7.690329
-16.394188
2.111710
-8.087416
-6.857759
-9.767630
-5.732964
-8.557343
-5.188955
-7.139980
-7.951566
-4.458076
-4.292359
6.511091
-9.634727
-10.451599
-2.975096
-8.575459
-8.209695
-29.298323
-1.091769
-7.991546
-3.509646
-15.857999
-11.773622
10.496100
-15.375106
6.956732
-9.774850
-5.757643
-10.403809
-11.108805
-6.550821
7.153426
-14.768733
-12.753853
-16.540091
-3.825530
-7.817261
-6.445024
-17.639078
-4.727514
-18.623436
-16.864439
-10.149373
-2.122435
1.581367
-6.930209
-18.871256
-10.837618
0.186250
-0.873195
-0.329017
-4.144612
-20.821888
0.705581
-7.834541
-12.909244
-12.100499
-16.901058
-11.711298
-14.596372
-3.218744
-5.555683
-8.707813
-9.437120
-10.923052
-6.305672
1.458714
-6.174338
-9.823945
-13.878402
-4.841794
-5.279737
-10.303609
-3.423253
-21.220747
-6.945665
-2.888652
-6.849058
-14.099546
-2.899354
-6.517662
9.464313
-7.733565
-18.546541
-8.099780
-5.275619
-12.147940
-10.187095
-10.618814
-16.446672
-5.821454
-6.012226
-9.863401
-10.825829
-9.528004
-10.275394
0.651113
-11.744403
